{
  "field" : "golden",
  "symmetry" : "icosahedral",
  "orientations" : [ [ 1.0, 0.0, 0.0, 0.0, 0.0, 1.0, 0.0, 0.0, 0.0, 0.0, 1.0, 0.0, 0.0, 0.0, 0.0, 1.0 ], [ 0.0, 0.0, 1.0, 0.0, 1.0, 0.0, 0.0, 0.0, 0.0, 1.0, 0.0, 0.0, 0.0, 0.0, 0.0, 1.0 ], [ 0.0, 1.0, 0.0, 0.0, 0.0, 0.0, 1.0, 0.0, 1.0, 0.0, 0.0, 0.0, 0.0, 0.0, 0.0, 1.0 ], [ 0.809017, 0.309017, 0.5, 0.0, 0.309017, 0.5, -0.809017, 0.0, -0.5, 0.809017, 0.309017, 0.0, 0.0, 0.0, 0.0, 1.0 ], [ -0.5, 0.809017, 0.309017, 0.0, 0.809017, 0.309017, 0.5, 0.0, 0.309017, 0.5, -0.809017, 0.0, 0.0, 0.0, 0.0, 1.0 ], [ 0.309017, 0.5, -0.809017, 0.0, -0.5, 0.809017, 0.309017, 0.0, 0.809017, 0.309017, 0.5, 0.0, 0.0, 0.0, 0.0, 1.0 ], [ 0.5, 0.809017, 0.309017, 0.0, 0.809017, -0.309017, -0.5, 0.0, -0.309017, 0.5, -0.809017, 0.0, 0.0, 0.0, 0.0, 1.0 ], [ -0.309017, 0.5, -0.809017, 0.0, 0.5, 0.809017, 0.309017, 0.0, 0.809017, -0.309017, -0.5, 0.0, 0.0, 0.0, 0.0, 1.0 ], [ 0.809017, -0.309017, -0.5, 0.0, -0.309017, 0.5, -0.809017, 0.0, 0.5, 0.809017, 0.309017, 0.0, 0.0, 0.0, 0.0, 1.0 ], [ 0.5, 0.809017, -0.309017, 0.0, 0.809017, -0.309017, 0.5, 0.0, 0.309017, -0.5, -0.809017, 0.0, 0.0, 0.0, 0.0, 1.0 ], [ 0.309017, -0.5, -0.809017, 0.0, 0.5, 0.809017, -0.309017, 0.0, 0.809017, -0.309017, 0.5, 0.0, 0.0, 0.0, 0.0, 1.0 ], [ 0.809017, -0.309017, 0.5, 0.0, 0.309017, -0.5, -0.809017, 0.0, 0.5, 0.809017, -0.309017, 0.0, 0.0, 0.0, 0.0, 1.0 ], [ 0.809017, 0.309017, -0.5, 0.0, 0.309017, 0.5, 0.809017, 0.0, 0.5, -0.809017, 0.309017, 0.0, 0.0, 0.0, 0.0, 1.0 ], [ 0.5, -0.809017, 0.309017, 0.0, 0.809017, 0.309017, -0.5, 0.0, 0.309017, 0.5, 0.809017, 0.0, 0.0, 0.0, 0.0, 1.0 ], [ 0.309017, 0.5, 0.809017, 0.0, 0.5, -0.809017, 0.309017, 0.0, 0.809017, 0.309017, -0.5, 0.0, 0.0, 0.0, 0.0, 1.0 ], [ 1.0, 0.0, 0.0, 0.0, 0.0, -1.0, 0.0, 0.0, 0.0, 0.0, -1.0, 0.0, 0.0, 0.0, 0.0, 1.0 ], [ 0.0, 0.0, 1.0, 0.0, -1.0, 0.0, 0.0, 0.0, 0.0, -1.0, 0.0, 0.0, 0.0, 0.0, 0.0, 1.0 ], [ 0.0, 1.0, 0.0, 0.0, 0.0, 0.0, -1.0, 0.0, -1.0, 0.0, 0.0, 0.0, 0.0, 0.0, 0.0, 1.0 ], [ 0.809017, 0.309017, 0.5, 0.0, -0.309017, -0.5, 0.809017, 0.0, 0.5, -0.809017, -0.309017, 0.0, 0.0, 0.0, 0.0, 1.0 ], [ -0.5, 0.809017, 0.309017, 0.0, -0.809017, -0.309017, -0.5, 0.0, -0.309017, -0.5, 0.809017, 0.0, 0.0, 0.0, 0.0, 1.0 ], [ 0.309017, 0.5, -0.809017, 0.0, 0.5, -0.809017, -0.309017, 0.0, -0.809017, -0.309017, -0.5, 0.0, 0.0, 0.0, 0.0, 1.0 ], [ 0.5, 0.809017, 0.309017, 0.0, -0.809017, 0.309017, 0.5, 0.0, 0.309017, -0.5, 0.809017, 0.0, 0.0, 0.0, 0.0, 1.0 ], [ -0.309017, 0.5, -0.809017, 0.0, -0.5, -0.809017, -0.309017, 0.0, -0.809017, 0.309017, 0.5, 0.0, 0.0, 0.0, 0.0, 1.0 ], [ 0.809017, -0.309017, -0.5, 0.0, 0.309017, -0.5, 0.809017, 0.0, -0.5, -0.809017, -0.309017, 0.0, 0.0, 0.0, 0.0, 1.0 ], [ 0.5, 0.809017, -0.309017, 0.0, -0.809017, 0.309017, -0.5, 0.0, -0.309017, 0.5, 0.809017, 0.0, 0.0, 0.0, 0.0, 1.0 ], [ 0.309017, -0.5, -0.809017, 0.0, -0.5, -0.809017, 0.309017, 0.0, -0.809017, 0.309017, -0.5, 0.0, 0.0, 0.0, 0.0, 1.0 ], [ 0.809017, -0.309017, 0.5, 0.0, -0.309017, 0.5, 0.809017, 0.0, -0.5, -0.809017, 0.309017, 0.0, 0.0, 0.0, 0.0, 1.0 ], [ 0.809017, 0.309017, -0.5, 0.0, -0.309017, -0.5, -0.809017, 0.0, -0.5, 0.809017, -0.309017, 0.0, 0.0, 0.0, 0.0, 1.0 ], [ 0.5, -0.809017, 0.309017, 0.0, -0.809017, -0.309017, 0.5, 0.0, -0.309017, -0.5, -0.809017, 0.0, 0.0, 0.0, 0.0, 1.0 ], [ 0.309017, 0.5, 0.809017, 0.0, -0.5, 0.809017, -0.309017, 0.0, -0.809017, -0.309017, 0.5, 0.0, 0.0, 0.0, 0.0, 1.0 ], [ -1.0, 0.0, 0.0, 0.0, 0.0, -1.0, 0.0, 0.0, 0.0, 0.0, 1.0, 0.0, 0.0, 0.0, 0.0, 1.0 ], [ 0.0, 0.0, -1.0, 0.0, -1.0, 0.0, 0.0, 0.0, 0.0, 1.0, 0.0, 0.0, 0.0, 0.0, 0.0, 1.0 ], [ 0.0, -1.0, 0.0, 0.0, 0.0, 0.0, -1.0, 0.0, 1.0, 0.0, 0.0, 0.0, 0.0, 0.0, 0.0, 1.0 ], [ -0.809017, -0.309017, -0.5, 0.0, -0.309017, -0.5, 0.809017, 0.0, -0.5, 0.809017, 0.309017, 0.0, 0.0, 0.0, 0.0, 1.0 ], [ 0.5, -0.809017, -0.309017, 0.0, -0.809017, -0.309017, -0.5, 0.0, 0.309017, 0.5, -0.809017, 0.0, 0.0, 0.0, 0.0, 1.0 ], [ -0.309017, -0.5, 0.809017, 0.0, 0.5, -0.809017, -0.309017, 0.0, 0.809017, 0.309017, 0.5, 0.0, 0.0, 0.0, 0.0, 1.0 ], [ -0.5, -0.809017, -0.309017, 0.0, -0.809017, 0.309017, 0.5, 0.0, -0.309017, 0.5, -0.809017, 0.0, 0.0, 0.0, 0.0, 1.0 ], [ 0.309017, -0.5, 0.809017, 0.0, -0.5, -0.809017, -0.309017, 0.0, 0.809017, -0.309017, -0.5, 0.0, 0.0, 0.0, 0.0, 1.0 ], [ -0.809017, 0.309017, 0.5, 0.0, 0.309017, -0.5, 0.809017, 0.0, 0.5, 0.809017, 0.309017, 0.0, 0.0, 0.0, 0.0, 1.0 ], [ -0.5, -0.809017, 0.309017, 0.0, -0.809017, 0.309017, -0.5, 0.0, 0.309017, -0.5, -0.809017, 0.0, 0.0, 0.0, 0.0, 1.0 ], [ -0.309017, 0.5, 0.809017, 0.0, -0.5, -0.809017, 0.309017, 0.0, 0.809017, -0.309017, 0.5, 0.0, 0.0, 0.0, 0.0, 1.0 ], [ -0.809017, 0.309017, -0.5, 0.0, -0.309017, 0.5, 0.809017, 0.0, 0.5, 0.809017, -0.309017, 0.0, 0.0, 0.0, 0.0, 1.0 ], [ -0.809017, -0.309017, 0.5, 0.0, -0.309017, -0.5, -0.809017, 0.0, 0.5, -0.809017, 0.309017, 0.0, 0.0, 0.0, 0.0, 1.0 ], [ -0.5, 0.809017, -0.309017, 0.0, -0.809017, -0.309017, 0.5, 0.0, 0.309017, 0.5, 0.809017, 0.0, 0.0, 0.0, 0.0, 1.0 ], [ -0.309017, -0.5, -0.809017, 0.0, -0.5, 0.809017, -0.309017, 0.0, 0.809017, 0.309017, -0.5, 0.0, 0.0, 0.0, 0.0, 1.0 ], [ -1.0, 0.0, 0.0, 0.0, 0.0, 1.0, 0.0, 0.0, 0.0, 0.0, -1.0, 0.0, 0.0, 0.0, 0.0, 1.0 ], [ 0.0, 0.0, -1.0, 0.0, 1.0, 0.0, 0.0, 0.0, 0.0, -1.0, 0.0, 0.0, 0.0, 0.0, 0.0, 1.0 ], [ 0.0, -1.0, 0.0, 0.0, 0.0, 0.0, 1.0, 0.0, -1.0, 0.0, 0.0, 0.0, 0.0, 0.0, 0.0, 1.0 ], [ -0.809017, -0.309017, -0.5, 0.0, 0.309017, 0.5, -0.809017, 0.0, 0.5, -0.809017, -0.309017, 0.0, 0.0, 0.0, 0.0, 1.0 ], [ 0.5, -0.809017, -0.309017, 0.0, 0.809017, 0.309017, 0.5, 0.0, -0.309017, -0.5, 0.809017, 0.0, 0.0, 0.0, 0.0, 1.0 ], [ -0.309017, -0.5, 0.809017, 0.0, -0.5, 0.809017, 0.309017, 0.0, -0.809017, -0.309017, -0.5, 0.0, 0.0, 0.0, 0.0, 1.0 ], [ -0.5, -0.809017, -0.309017, 0.0, 0.809017, -0.309017, -0.5, 0.0, 0.309017, -0.5, 0.809017, 0.0, 0.0, 0.0, 0.0, 1.0 ], [ 0.309017, -0.5, 0.809017, 0.0, 0.5, 0.809017, 0.309017, 0.0, -0.809017, 0.309017, 0.5, 0.0, 0.0, 0.0, 0.0, 1.0 ], [ -0.809017, 0.309017, 0.5, 0.0, -0.309017, 0.5, -0.809017, 0.0, -0.5, -0.809017, -0.309017, 0.0, 0.0, 0.0, 0.0, 1.0 ], [ -0.5, -0.809017, 0.309017, 0.0, 0.809017, -0.309017, 0.5, 0.0, -0.309017, 0.5, 0.809017, 0.0, 0.0, 0.0, 0.0, 1.0 ], [ -0.309017, 0.5, 0.809017, 0.0, 0.5, 0.809017, -0.309017, 0.0, -0.809017, 0.309017, -0.5, 0.0, 0.0, 0.0, 0.0, 1.0 ], [ -0.809017, 0.309017, -0.5, 0.0, 0.309017, -0.5, -0.809017, 0.0, -0.5, -0.809017, 0.309017, 0.0, 0.0, 0.0, 0.0, 1.0 ], [ -0.809017, -0.309017, 0.5, 0.0, 0.309017, 0.5, 0.809017, 0.0, -0.5, 0.809017, -0.309017, 0.0, 0.0, 0.0, 0.0, 1.0 ], [ -0.5, 0.809017, -0.309017, 0.0, 0.809017, 0.309017, -0.5, 0.0, -0.309017, -0.5, -0.809017, 0.0, 0.0, 0.0, 0.0, 1.0 ], [ -0.309017, -0.5, -0.809017, 0.0, 0.5, -0.809017, 0.309017, 0.0, -0.809017, -0.309017, 0.5, 0.0, 0.0, 0.0, 0.0, 1.0 ] ],
  "lights" : {
    "directionalLights" : [ {
      "direction" : {
        "x" : 1.0,
        "y" : -1.0,
        "z" : -1.0
      },
      "color" : "#EBEBE4"
    }, {
      "direction" : {
        "x" : -1.0,
        "y" : 0.0,
        "z" : 0.0
      },
      "color" : "#E4E4EB"
    }, {
      "direction" : {
        "x" : 0.0,
        "y" : 0.0,
        "z" : -1.0
      },
      "color" : "#1E1E1E"
    } ],
    "backgroundColor" : "#AFC8DC",
    "ambientColor" : "#292929"
  },
  "camera" : {
    "position" : {
      "x" : 90.527534,
      "y" : -88.74437,
      "z" : 178.5278
    },
    "width" : 98.53107,
    "farClipDistance" : 437.9155,
    "nearClipDistance" : 0.54739493,
    "lookAtPoint" : {
      "x" : 0.0,
      "y" : 0.0,
      "z" : 0.0
    },
    "lookDirection" : {
      "x" : -0.4134472,
      "y" : 0.40530336,
      "z" : -0.8153522
    },
    "upDirection" : {
      "x" : -0.9101805,
      "y" : -0.20863542,
      "z" : 0.35781935
    },
    "stereo" : false,
    "fieldOfView" : 0.44262892,
    "viewDistance" : 218.9579,
    "perspective" : true
  },
  "embedding" : [ 1.0, 0.0, 0.0, 0.0, 0.0, 1.0, 0.0, 0.0, 0.0, 0.0, 1.0, 0.0, 0.0, 0.0, 0.0, 1.0 ],
  "shapes" : [ {
    "id" : "a67f310f-eb7e-4a04-9117-bf4f2945693a",
    "vertices" : [ {
      "x" : 3.291796,
      "y" : 3.854102,
      "z" : 0.0
    }, {
      "x" : 2.572949,
      "y" : 3.236068,
      "z" : 0.309017
    }, {
      "x" : 3.072949,
      "y" : 3.045085,
      "z" : 0.0
    }, {
      "x" : 2.954915,
      "y" : 3.236068,
      "z" : -0.309017
    }, {
      "x" : 2.454915,
      "y" : 3.427051,
      "z" : 0.0
    }, {
      "x" : 0.54508495,
      "y" : 1.190983,
      "z" : 0.0
    }, {
      "x" : 0.66311896,
      "y" : 1.0,
      "z" : 0.309017
    }, {
      "x" : 1.163119,
      "y" : 0.809017,
      "z" : 0.0
    }, {
      "x" : 1.045085,
      "y" : 1.0,
      "z" : -0.309017
    }, {
      "x" : 0.32623792,
      "y" : 0.38196602,
      "z" : 0.0
    }, {
      "x" : 3.618034,
      "y" : 4.236068,
      "z" : 0.0
    } ],
    "faces" : [ {
      "vertices" : [ 1, 4, 5 ]
    }, {
      "vertices" : [ 1, 5, 6 ]
    }, {
      "vertices" : [ 1, 6, 7 ]
    }, {
      "vertices" : [ 1, 7, 2 ]
    }, {
      "vertices" : [ 0, 1, 2 ]
    }, {
      "vertices" : [ 2, 7, 8 ]
    }, {
      "vertices" : [ 2, 8, 3 ]
    }, {
      "vertices" : [ 5, 9, 6 ]
    }, {
      "vertices" : [ 3, 8, 5 ]
    }, {
      "vertices" : [ 3, 5, 4 ]
    }, {
      "vertices" : [ 0, 2, 3 ]
    }, {
      "vertices" : [ 0, 4, 1 ]
    }, {
      "vertices" : [ 6, 9, 7 ]
    }, {
      "vertices" : [ 5, 8, 9 ]
    }, {
      "vertices" : [ 0, 3, 4 ]
    }, {
      "vertices" : [ 7, 9, 8 ]
    } ]
  }, {
    "id" : "dafacb23-9254-4a17-8362-a998a513cdea",
    "vertices" : [ {
      "x" : 1.0,
      "y" : 0.309017,
      "z" : 0.19098301
    }, {
      "x" : 1.0,
      "y" : -0.309017,
      "z" : 0.19098301
    }, {
      "x" : 7.472136,
      "y" : -0.309017,
      "z" : 0.19098301
    }, {
      "x" : 7.472136,
      "y" : 0.309017,
      "z" : 0.19098301
    }, {
      "x" : 7.472136,
      "y" : -0.309017,
      "z" : -0.19098301
    }, {
      "x" : 7.472136,
      "y" : 0.309017,
      "z" : -0.19098301
    }, {
      "x" : 8.09017,
      "y" : 0.0,
      "z" : 0.0
    }, {
      "x" : 0.38196602,
      "y" : 0.0,
      "z" : 0.0
    }, {
      "x" : 1.0,
      "y" : 0.309017,
      "z" : -0.19098301
    }, {
      "x" : 1.0,
      "y" : -0.309017,
      "z" : -0.19098301
    }, {
      "x" : 8.472136,
      "y" : 0.0,
      "z" : 0.0
    } ],
    "faces" : [ {
      "vertices" : [ 1, 9, 4 ]
    }, {
      "vertices" : [ 1, 4, 2 ]
    }, {
      "vertices" : [ 0, 3, 5 ]
    }, {
      "vertices" : [ 0, 5, 8 ]
    }, {
      "vertices" : [ 1, 7, 9 ]
    }, {
      "vertices" : [ 0, 1, 2 ]
    }, {
      "vertices" : [ 0, 2, 3 ]
    }, {
      "vertices" : [ 7, 8, 9 ]
    }, {
      "vertices" : [ 0, 7, 1 ]
    }, {
      "vertices" : [ 4, 9, 8 ]
    }, {
      "vertices" : [ 4, 8, 5 ]
    }, {
      "vertices" : [ 2, 6, 3 ]
    }, {
      "vertices" : [ 2, 4, 6 ]
    }, {
      "vertices" : [ 3, 6, 5 ]
    }, {
      "vertices" : [ 4, 5, 6 ]
    }, {
      "vertices" : [ 0, 8, 7 ]
    } ]
  }, {
    "id" : "3f74f97a-cd8a-4f6c-8753-c71e8a9e4cf0",
    "vertices" : [ {
      "x" : 0.9045085,
      "y" : 0.3454915,
      "z" : 0.25
    }, {
      "x" : 19.84878,
      "y" : 12.053696,
      "z" : 0.25
    }, {
      "x" : 19.657797,
      "y" : 12.362713,
      "z" : 0.25
    }, {
      "x" : 0.7135255,
      "y" : 0.6545085,
      "z" : 0.25
    }, {
      "x" : 0.809017,
      "y" : 0.5,
      "z" : -0.309017
    }, {
      "x" : 0.9635255,
      "y" : 0.25,
      "z" : -0.095491506
    }, {
      "x" : 0.309017,
      "y" : 0.19098301,
      "z" : 0.0
    }, {
      "x" : 20.253288,
      "y" : 12.5172205,
      "z" : 0.0
    }, {
      "x" : 19.59878,
      "y" : 12.458204,
      "z" : -0.095491506
    }, {
      "x" : 19.753288,
      "y" : 12.208204,
      "z" : -0.309017
    }, {
      "x" : 20.562305,
      "y" : 12.708204,
      "z" : 0.0
    }, {
      "x" : 0.6545085,
      "y" : 0.75,
      "z" : -0.095491506
    }, {
      "x" : 19.907797,
      "y" : 11.958204,
      "z" : -0.095491506
    } ],
    "faces" : [ {
      "vertices" : [ 4, 11, 8 ]
    }, {
      "vertices" : [ 4, 8, 9 ]
    }, {
      "vertices" : [ 0, 1, 2 ]
    }, {
      "vertices" : [ 0, 2, 3 ]
    }, {
      "vertices" : [ 0, 3, 6 ]
    }, {
      "vertices" : [ 1, 7, 2 ]
    }, {
      "vertices" : [ 0, 6, 5 ]
    }, {
      "vertices" : [ 4, 5, 6 ]
    }, {
      "vertices" : [ 2, 7, 8 ]
    }, {
      "vertices" : [ 0, 5, 12 ]
    }, {
      "vertices" : [ 0, 12, 1 ]
    }, {
      "vertices" : [ 1, 12, 7 ]
    }, {
      "vertices" : [ 3, 11, 6 ]
    }, {
      "vertices" : [ 4, 6, 11 ]
    }, {
      "vertices" : [ 7, 9, 8 ]
    }, {
      "vertices" : [ 2, 8, 11 ]
    }, {
      "vertices" : [ 2, 11, 3 ]
    }, {
      "vertices" : [ 7, 12, 9 ]
    }, {
      "vertices" : [ 4, 9, 12 ]
    }, {
      "vertices" : [ 4, 12, 5 ]
    } ]
  }, {
    "id" : "c8b98144-b9be-4e44-96b9-13fa03a3eed8",
    "vertices" : [ {
      "x" : -0.309017,
      "y" : -0.19098301,
      "z" : 0.0
    }, {
      "x" : -0.309017,
      "y" : 0.19098301,
      "z" : 0.0
    }, {
      "x" : -0.19098301,
      "y" : 0.0,
      "z" : -0.309017
    }, {
      "x" : -0.19098301,
      "y" : 0.0,
      "z" : 0.309017
    }, {
      "x" : 0.0,
      "y" : -0.309017,
      "z" : -0.19098301
    }, {
      "x" : 0.0,
      "y" : -0.309017,
      "z" : 0.19098301
    }, {
      "x" : 0.0,
      "y" : 0.309017,
      "z" : -0.19098301
    }, {
      "x" : 0.0,
      "y" : 0.309017,
      "z" : 0.19098301
    }, {
      "x" : 0.19098301,
      "y" : 0.0,
      "z" : -0.309017
    }, {
      "x" : 0.19098301,
      "y" : 0.0,
      "z" : 0.309017
    }, {
      "x" : 0.309017,
      "y" : -0.19098301,
      "z" : 0.0
    }, {
      "x" : 0.309017,
      "y" : 0.19098301,
      "z" : 0.0
    } ],
    "faces" : [ {
      "vertices" : [ 0, 1, 2 ]
    }, {
      "vertices" : [ 0, 3, 1 ]
    }, {
      "vertices" : [ 0, 2, 4 ]
    }, {
      "vertices" : [ 0, 5, 3 ]
    }, {
      "vertices" : [ 0, 4, 5 ]
    }, {
      "vertices" : [ 1, 6, 2 ]
    }, {
      "vertices" : [ 1, 3, 7 ]
    }, {
      "vertices" : [ 1, 7, 6 ]
    }, {
      "vertices" : [ 2, 8, 4 ]
    }, {
      "vertices" : [ 2, 6, 8 ]
    }, {
      "vertices" : [ 3, 5, 9 ]
    }, {
      "vertices" : [ 3, 9, 7 ]
    }, {
      "vertices" : [ 4, 10, 5 ]
    }, {
      "vertices" : [ 4, 8, 10 ]
    }, {
      "vertices" : [ 5, 10, 9 ]
    }, {
      "vertices" : [ 6, 7, 11 ]
    }, {
      "vertices" : [ 6, 11, 8 ]
    }, {
      "vertices" : [ 7, 9, 11 ]
    }, {
      "vertices" : [ 8, 11, 10 ]
    }, {
      "vertices" : [ 9, 10, 11 ]
    } ]
  }, {
    "id" : "ba592f6c-9c04-4c25-8e6f-7b9a760541e1",
    "vertices" : [ {
      "x" : 0.0,
      "y" : 20.562305,
      "z" : -12.708204
    }, {
      "x" : 0.0,
      "y" : 16.944271,
      "z" : -8.472136
    }, {
      "x" : 0.0,
      "y" : 15.708204,
      "z" : -9.708204
    } ],
    "faces" : [ {
      "vertices" : [ 0, 1, 2 ]
    }, {
      "vertices" : [ 0, 2, 1 ]
    } ]
  }, {
    "id" : "c5b7aca4-8d5a-451f-88b7-26ee2a13a8c9",
    "vertices" : [ {
      "x" : 10.781153,
      "y" : 4.118034,
      "z" : -1.572949
    }, {
      "x" : 10.399187,
      "y" : 3.663119,
      "z" : -1.381966
    }, {
      "x" : 10.236068,
      "y" : 3.927051,
      "z" : -1.809017
    }, {
      "x" : 10.163119,
      "y" : 4.190983,
      "z" : -1.618034
    }, {
      "x" : 0.85410196,
      "y" : 0.309017,
      "z" : 0.19098301
    }, {
      "x" : 0.690983,
      "y" : 0.572949,
      "z" : -0.23606798
    }, {
      "x" : 0.309017,
      "y" : 0.11803399,
      "z" : -0.045084972
    }, {
      "x" : 0.76393205,
      "y" : 0.309017,
      "z" : -0.42705098
    }, {
      "x" : 0.927051,
      "y" : 0.045084972,
      "z" : 0.0
    }, {
      "x" : 10.326238,
      "y" : 3.927051,
      "z" : -1.190983
    }, {
      "x" : 11.09017,
      "y" : 4.236068,
      "z" : -1.618034
    } ],
    "faces" : [ {
      "vertices" : [ 2, 7, 5 ]
    }, {
      "vertices" : [ 2, 5, 3 ]
    }, {
      "vertices" : [ 1, 8, 7 ]
    }, {
      "vertices" : [ 1, 7, 2 ]
    }, {
      "vertices" : [ 4, 6, 8 ]
    }, {
      "vertices" : [ 5, 7, 6 ]
    }, {
      "vertices" : [ 0, 1, 2 ]
    }, {
      "vertices" : [ 0, 2, 3 ]
    }, {
      "vertices" : [ 6, 7, 8 ]
    }, {
      "vertices" : [ 3, 5, 4 ]
    }, {
      "vertices" : [ 3, 4, 9 ]
    }, {
      "vertices" : [ 1, 9, 4 ]
    }, {
      "vertices" : [ 1, 4, 8 ]
    }, {
      "vertices" : [ 0, 9, 1 ]
    }, {
      "vertices" : [ 0, 3, 9 ]
    }, {
      "vertices" : [ 4, 5, 6 ]
    } ]
  }, {
    "id" : "2c812ffc-f676-4ee8-bf60-39a61fa1c6ff",
    "vertices" : [ {
      "x" : 1.0,
      "y" : 0.309017,
      "z" : 0.19098301
    }, {
      "x" : 1.0,
      "y" : -0.309017,
      "z" : 0.19098301
    }, {
      "x" : 18.416409,
      "y" : -0.309017,
      "z" : 0.19098301
    }, {
      "x" : 18.416409,
      "y" : 0.309017,
      "z" : 0.19098301
    }, {
      "x" : 18.416409,
      "y" : -0.309017,
      "z" : -0.19098301
    }, {
      "x" : 18.416409,
      "y" : 0.309017,
      "z" : -0.19098301
    }, {
      "x" : 19.034441,
      "y" : 0.0,
      "z" : 0.0
    }, {
      "x" : 0.38196602,
      "y" : 0.0,
      "z" : 0.0
    }, {
      "x" : 1.0,
      "y" : 0.309017,
      "z" : -0.19098301
    }, {
      "x" : 1.0,
      "y" : -0.309017,
      "z" : -0.19098301
    }, {
      "x" : 19.416409,
      "y" : 0.0,
      "z" : 0.0
    } ],
    "faces" : [ {
      "vertices" : [ 1, 9, 4 ]
    }, {
      "vertices" : [ 1, 4, 2 ]
    }, {
      "vertices" : [ 0, 3, 5 ]
    }, {
      "vertices" : [ 0, 5, 8 ]
    }, {
      "vertices" : [ 1, 7, 9 ]
    }, {
      "vertices" : [ 0, 1, 2 ]
    }, {
      "vertices" : [ 0, 2, 3 ]
    }, {
      "vertices" : [ 7, 8, 9 ]
    }, {
      "vertices" : [ 0, 7, 1 ]
    }, {
      "vertices" : [ 4, 9, 8 ]
    }, {
      "vertices" : [ 4, 8, 5 ]
    }, {
      "vertices" : [ 2, 6, 3 ]
    }, {
      "vertices" : [ 2, 4, 6 ]
    }, {
      "vertices" : [ 3, 6, 5 ]
    }, {
      "vertices" : [ 4, 5, 6 ]
    }, {
      "vertices" : [ 0, 8, 7 ]
    } ]
  }, {
    "id" : "2c1f6aac-97c7-4a18-a5b1-daf164f414e7",
    "vertices" : [ {
      "x" : 12.708204,
      "y" : 0.0,
      "z" : 20.562305
    }, {
      "x" : 8.472136,
      "y" : 0.0,
      "z" : 16.944271
    }, {
      "x" : 9.708204,
      "y" : 0.0,
      "z" : 15.708204
    } ],
    "faces" : [ {
      "vertices" : [ 0, 1, 2 ]
    }, {
      "vertices" : [ 0, 2, 1 ]
    } ]
  }, {
    "id" : "271710fc-16f1-44ff-a2c0-c58409756ade",
    "vertices" : [ {
      "x" : 0.0,
      "y" : -20.562305,
      "z" : 12.708204
    }, {
      "x" : 0.0,
      "y" : -16.944271,
      "z" : 8.472136
    }, {
      "x" : 0.0,
      "y" : -15.708204,
      "z" : 9.708204
    } ],
    "faces" : [ {
      "vertices" : [ 0, 1, 2 ]
    }, {
      "vertices" : [ 0, 2, 1 ]
    } ]
  }, {
    "id" : "a916112f-c796-41aa-950b-06486f20cd2c",
    "vertices" : [ {
      "x" : -20.562305,
      "y" : -12.708204,
      "z" : 0.0
    }, {
      "x" : -16.944271,
      "y" : -8.472136,
      "z" : 0.0
    }, {
      "x" : -15.708204,
      "y" : -9.708204,
      "z" : 0.0
    } ],
    "faces" : [ {
      "vertices" : [ 0, 1, 2 ]
    }, {
      "vertices" : [ 0, 2, 1 ]
    } ]
  }, {
    "id" : "99f62b96-7cd3-4daf-9a6e-35ba0a78b686",
    "vertices" : [ {
      "x" : 0.0,
      "y" : -20.562305,
      "z" : -12.708204
    }, {
      "x" : 0.0,
      "y" : -16.944271,
      "z" : -8.472136
    }, {
      "x" : 0.0,
      "y" : -15.708204,
      "z" : -9.708204
    } ],
    "faces" : [ {
      "vertices" : [ 0, 1, 2 ]
    }, {
      "vertices" : [ 0, 2, 1 ]
    } ]
  }, {
    "id" : "78581d8b-3b87-4aec-bfbe-6bae3c7f8660",
    "vertices" : [ {
      "x" : 12.708204,
      "y" : 0.0,
      "z" : -20.562305
    }, {
      "x" : 8.472136,
      "y" : 0.0,
      "z" : -16.944271
    }, {
      "x" : 9.708204,
      "y" : 0.0,
      "z" : -15.708204
    } ],
    "faces" : [ {
      "vertices" : [ 0, 1, 2 ]
    }, {
      "vertices" : [ 0, 2, 1 ]
    } ]
  }, {
    "id" : "22098ad1-620a-4f52-8dab-8d238b802ce3",
    "vertices" : [ {
      "x" : -12.708204,
      "y" : 0.0,
      "z" : 20.562305
    }, {
      "x" : -8.472136,
      "y" : 0.0,
      "z" : 16.944271
    }, {
      "x" : -9.708204,
      "y" : 0.0,
      "z" : 15.708204
    } ],
    "faces" : [ {
      "vertices" : [ 0, 1, 2 ]
    }, {
      "vertices" : [ 0, 2, 1 ]
    } ]
  }, {
    "id" : "bbba5e2c-dd8c-40bc-a33e-912f83a1eb7a",
    "vertices" : [ {
      "x" : 0.0,
      "y" : 20.562305,
      "z" : 12.708204
    }, {
      "x" : 0.0,
      "y" : 16.944271,
      "z" : 8.472136
    }, {
      "x" : 0.0,
      "y" : 15.708204,
      "z" : 9.708204
    } ],
    "faces" : [ {
      "vertices" : [ 0, 1, 2 ]
    }, {
      "vertices" : [ 0, 2, 1 ]
    } ]
  }, {
    "id" : "ebe86c5f-b1d4-4ab4-bf40-892affb770f2",
    "vertices" : [ {
      "x" : -20.562305,
      "y" : 12.708204,
      "z" : 0.0
    }, {
      "x" : -16.944271,
      "y" : 8.472136,
      "z" : 0.0
    }, {
      "x" : -15.708204,
      "y" : 9.708204,
      "z" : 0.0
    } ],
    "faces" : [ {
      "vertices" : [ 0, 1, 2 ]
    }, {
      "vertices" : [ 0, 2, 1 ]
    } ]
  }, {
    "id" : "5640f23c-e8c0-4875-bb7f-29ab9bdc3831",
    "vertices" : [ {
      "x" : 20.562305,
      "y" : -12.708204,
      "z" : 0.0
    }, {
      "x" : 16.944271,
      "y" : -8.472136,
      "z" : 0.0
    }, {
      "x" : 15.708204,
      "y" : -9.708204,
      "z" : 0.0
    } ],
    "faces" : [ {
      "vertices" : [ 0, 1, 2 ]
    }, {
      "vertices" : [ 0, 2, 1 ]
    } ]
  }, {
    "id" : "b68fdfe1-0bbb-432c-9225-acb74ba3a297",
    "vertices" : [ {
      "x" : -12.708204,
      "y" : 0.0,
      "z" : -20.562305
    }, {
      "x" : -8.472136,
      "y" : 0.0,
      "z" : -16.944271
    }, {
      "x" : -9.708204,
      "y" : 0.0,
      "z" : -15.708204
    } ],
    "faces" : [ {
      "vertices" : [ 0, 1, 2 ]
    }, {
      "vertices" : [ 0, 2, 1 ]
    } ]
  }, {
    "id" : "f10d6684-a0d7-48ff-ac8f-c5734dcfd09e",
    "vertices" : [ {
      "x" : 20.562305,
      "y" : 12.708204,
      "z" : 0.0
    }, {
      "x" : 16.944271,
      "y" : 8.472136,
      "z" : 0.0
    }, {
      "x" : 15.708204,
      "y" : 9.708204,
      "z" : 0.0
    } ],
    "faces" : [ {
      "vertices" : [ 0, 1, 2 ]
    }, {
      "vertices" : [ 0, 2, 1 ]
    } ]
  } ],
  "instances" : [ {
    "shape" : "a67f310f-eb7e-4a04-9117-bf4f2945693a",
    "color" : "#000099",
    "position" : {
      "x" : 0.0,
      "y" : 16.944271,
      "z" : -8.472136
    },
    "orientation" : 46
  }, {
    "shape" : "dafacb23-9254-4a17-8362-a998a513cdea",
    "color" : "#007695",
    "position" : {
      "x" : 0.0,
      "y" : 6.854102,
      "z" : -4.236068
    },
    "orientation" : 24
  }, {
    "shape" : "3f74f97a-cd8a-4f6c-8753-c71e8a9e4cf0",
    "color" : "#AF0000",
    "position" : {
      "x" : 0.0,
      "y" : 0.0,
      "z" : 0.0
    },
    "orientation" : 17
  }, {
    "shape" : "c8b98144-b9be-4e44-96b9-13fa03a3eed8",
    "color" : "#FFFFFF",
    "position" : {
      "x" : 16.944271,
      "y" : -8.472136,
      "z" : 0.0
    }
  }, {
    "shape" : "ba592f6c-9c04-4c25-8e6f-7b9a760541e1",
    "color" : "#7FBACA",
    "position" : {
      "x" : 0.0,
      "y" : 0.0,
      "z" : 0.0
    }
  }, {
    "shape" : "c5b7aca4-8d5a-451f-88b7-26ee2a13a8c9",
    "color" : "#008D36",
    "position" : {
      "x" : 0.0,
      "y" : 8.472136,
      "z" : -16.944271
    },
    "orientation" : 7
  }, {
    "shape" : "c8b98144-b9be-4e44-96b9-13fa03a3eed8",
    "color" : "#FFFFFF",
    "position" : {
      "x" : 12.708204,
      "y" : 0.0,
      "z" : 20.562305
    }
  }, {
    "shape" : "2c812ffc-f676-4ee8-bf60-39a61fa1c6ff",
    "color" : "#007695",
    "position" : {
      "x" : -15.708204,
      "y" : -9.708204,
      "z" : 0.0
    },
    "orientation" : 1
  }, {
    "shape" : "3f74f97a-cd8a-4f6c-8753-c71e8a9e4cf0",
    "color" : "#AF0000",
    "position" : {
      "x" : 0.0,
      "y" : 0.0,
      "z" : 0.0
    },
    "orientation" : 2
  }, {
    "shape" : "c8b98144-b9be-4e44-96b9-13fa03a3eed8",
    "color" : "#FFFFFF",
    "position" : {
      "x" : 6.854102,
      "y" : -4.236068,
      "z" : 0.0
    }
  }, {
    "shape" : "2c1f6aac-97c7-4a18-a5b1-daf164f414e7",
    "color" : "#7FBACA",
    "position" : {
      "x" : 0.0,
      "y" : 0.0,
      "z" : 0.0
    }
  }, {
    "shape" : "c5b7aca4-8d5a-451f-88b7-26ee2a13a8c9",
    "color" : "#008D36",
    "position" : {
      "x" : 16.944271,
      "y" : -8.472136,
      "z" : 0.0
    },
    "orientation" : 7
  }, {
    "shape" : "c5b7aca4-8d5a-451f-88b7-26ee2a13a8c9",
    "color" : "#008D36",
    "position" : {
      "x" : 0.0,
      "y" : 16.944271,
      "z" : 8.472136
    },
    "orientation" : 37
  }, {
    "shape" : "c8b98144-b9be-4e44-96b9-13fa03a3eed8",
    "color" : "#FFFFFF",
    "position" : {
      "x" : 0.0,
      "y" : -15.708204,
      "z" : 9.708204
    }
  }, {
    "shape" : "c5b7aca4-8d5a-451f-88b7-26ee2a13a8c9",
    "color" : "#008D36",
    "position" : {
      "x" : 8.472136,
      "y" : 0.0,
      "z" : -16.944271
    },
    "orientation" : 8
  }, {
    "shape" : "c8b98144-b9be-4e44-96b9-13fa03a3eed8",
    "color" : "#FFFFFF",
    "position" : {
      "x" : -8.472136,
      "y" : 16.944271,
      "z" : 0.0
    }
  }, {
    "shape" : "dafacb23-9254-4a17-8362-a998a513cdea",
    "color" : "#007695",
    "position" : {
      "x" : -6.854102,
      "y" : 4.236068,
      "z" : 0.0
    },
    "orientation" : 16
  }, {
    "shape" : "dafacb23-9254-4a17-8362-a998a513cdea",
    "color" : "#007695",
    "position" : {
      "x" : -6.854102,
      "y" : 4.236068,
      "z" : 0.0
    },
    "orientation" : 25
  }, {
    "shape" : "dafacb23-9254-4a17-8362-a998a513cdea",
    "color" : "#007695",
    "position" : {
      "x" : 0.0,
      "y" : -6.854102,
      "z" : -4.236068
    },
    "orientation" : 11
  }, {
    "shape" : "c5b7aca4-8d5a-451f-88b7-26ee2a13a8c9",
    "color" : "#008D36",
    "position" : {
      "x" : -8.472136,
      "y" : -16.944271,
      "z" : 0.0
    },
    "orientation" : 8
  }, {
    "shape" : "3f74f97a-cd8a-4f6c-8753-c71e8a9e4cf0",
    "color" : "#AF0000",
    "position" : {
      "x" : 0.0,
      "y" : 0.0,
      "z" : 0.0
    },
    "orientation" : 32
  }, {
    "shape" : "2c812ffc-f676-4ee8-bf60-39a61fa1c6ff",
    "color" : "#007695",
    "position" : {
      "x" : 15.708204,
      "y" : -9.708204,
      "z" : 0.0
    },
    "orientation" : 41
  }, {
    "shape" : "c5b7aca4-8d5a-451f-88b7-26ee2a13a8c9",
    "color" : "#008D36",
    "position" : {
      "x" : 0.0,
      "y" : -16.944271,
      "z" : -8.472136
    },
    "orientation" : 8
  }, {
    "shape" : "c8b98144-b9be-4e44-96b9-13fa03a3eed8",
    "color" : "#FFFFFF",
    "position" : {
      "x" : 15.708204,
      "y" : 9.708204,
      "z" : 0.0
    }
  }, {
    "shape" : "a67f310f-eb7e-4a04-9117-bf4f2945693a",
    "color" : "#000099",
    "position" : {
      "x" : -8.472136,
      "y" : 0.0,
      "z" : -16.944271
    },
    "orientation" : 47
  }, {
    "shape" : "dafacb23-9254-4a17-8362-a998a513cdea",
    "color" : "#007695",
    "position" : {
      "x" : 6.854102,
      "y" : 4.236068,
      "z" : 0.0
    },
    "orientation" : 56
  }, {
    "shape" : "2c812ffc-f676-4ee8-bf60-39a61fa1c6ff",
    "color" : "#007695",
    "position" : {
      "x" : 0.0,
      "y" : 15.708204,
      "z" : 9.708204
    },
    "orientation" : 47
  }, {
    "shape" : "dafacb23-9254-4a17-8362-a998a513cdea",
    "color" : "#007695",
    "position" : {
      "x" : 0.0,
      "y" : -6.854102,
      "z" : 4.236068
    },
    "orientation" : 47
  }, {
    "shape" : "dafacb23-9254-4a17-8362-a998a513cdea",
    "color" : "#007695",
    "position" : {
      "x" : -6.854102,
      "y" : -4.236068,
      "z" : 0.0
    },
    "orientation" : 8
  }, {
    "shape" : "c8b98144-b9be-4e44-96b9-13fa03a3eed8",
    "color" : "#FFFFFF",
    "position" : {
      "x" : -16.944271,
      "y" : 0.0,
      "z" : -8.472136
    }
  }, {
    "shape" : "dafacb23-9254-4a17-8362-a998a513cdea",
    "color" : "#007695",
    "position" : {
      "x" : 0.0,
      "y" : 6.854102,
      "z" : 4.236068
    },
    "orientation" : 21
  }, {
    "shape" : "c5b7aca4-8d5a-451f-88b7-26ee2a13a8c9",
    "color" : "#008D36",
    "position" : {
      "x" : 0.0,
      "y" : 8.472136,
      "z" : 16.944271
    },
    "orientation" : 21
  }, {
    "shape" : "c8b98144-b9be-4e44-96b9-13fa03a3eed8",
    "color" : "#FFFFFF",
    "position" : {
      "x" : -9.708204,
      "y" : 0.0,
      "z" : 15.708204
    }
  }, {
    "shape" : "c5b7aca4-8d5a-451f-88b7-26ee2a13a8c9",
    "color" : "#008D36",
    "position" : {
      "x" : 0.0,
      "y" : -16.944271,
      "z" : 8.472136
    },
    "orientation" : 7
  }, {
    "shape" : "dafacb23-9254-4a17-8362-a998a513cdea",
    "color" : "#007695",
    "position" : {
      "x" : 0.0,
      "y" : -6.854102,
      "z" : 4.236068
    },
    "orientation" : 23
  }, {
    "shape" : "dafacb23-9254-4a17-8362-a998a513cdea",
    "color" : "#007695",
    "position" : {
      "x" : -6.854102,
      "y" : -4.236068,
      "z" : 0.0
    },
    "orientation" : 26
  }, {
    "shape" : "c5b7aca4-8d5a-451f-88b7-26ee2a13a8c9",
    "color" : "#008D36",
    "position" : {
      "x" : 0.0,
      "y" : -8.472136,
      "z" : -16.944271
    },
    "orientation" : 37
  }, {
    "shape" : "c5b7aca4-8d5a-451f-88b7-26ee2a13a8c9",
    "color" : "#008D36",
    "position" : {
      "x" : 0.0,
      "y" : -8.472136,
      "z" : 16.944271
    },
    "orientation" : 51
  }, {
    "shape" : "dafacb23-9254-4a17-8362-a998a513cdea",
    "color" : "#007695",
    "position" : {
      "x" : 0.0,
      "y" : 6.854102,
      "z" : -4.236068
    },
    "orientation" : 2
  }, {
    "shape" : "c5b7aca4-8d5a-451f-88b7-26ee2a13a8c9",
    "color" : "#008D36",
    "position" : {
      "x" : -16.944271,
      "y" : 8.472136,
      "z" : 0.0
    },
    "orientation" : 6
  }, {
    "shape" : "2c812ffc-f676-4ee8-bf60-39a61fa1c6ff",
    "color" : "#007695",
    "position" : {
      "x" : 0.0,
      "y" : -15.708204,
      "z" : 9.708204
    },
    "orientation" : 56
  }, {
    "shape" : "dafacb23-9254-4a17-8362-a998a513cdea",
    "color" : "#007695",
    "position" : {
      "x" : 6.854102,
      "y" : 4.236068,
      "z" : 0.0
    },
    "orientation" : 38
  }, {
    "shape" : "c8b98144-b9be-4e44-96b9-13fa03a3eed8",
    "color" : "#FFFFFF",
    "position" : {
      "x" : 9.708204,
      "y" : 0.0,
      "z" : 15.708204
    }
  }, {
    "shape" : "a67f310f-eb7e-4a04-9117-bf4f2945693a",
    "color" : "#000099",
    "position" : {
      "x" : 0.0,
      "y" : 16.944271,
      "z" : 8.472136
    },
    "orientation" : 1
  }, {
    "shape" : "c8b98144-b9be-4e44-96b9-13fa03a3eed8",
    "color" : "#FFFFFF",
    "position" : {
      "x" : 12.708204,
      "y" : 0.0,
      "z" : -20.562305
    }
  }, {
    "shape" : "c5b7aca4-8d5a-451f-88b7-26ee2a13a8c9",
    "color" : "#008D36",
    "position" : {
      "x" : -8.472136,
      "y" : 0.0,
      "z" : 16.944271
    },
    "orientation" : 6
  }, {
    "shape" : "3f74f97a-cd8a-4f6c-8753-c71e8a9e4cf0",
    "color" : "#AF0000",
    "position" : {
      "x" : 0.0,
      "y" : 0.0,
      "z" : 0.0
    },
    "orientation" : 31
  }, {
    "shape" : "c5b7aca4-8d5a-451f-88b7-26ee2a13a8c9",
    "color" : "#008D36",
    "position" : {
      "x" : 0.0,
      "y" : 8.472136,
      "z" : -16.944271
    },
    "orientation" : 36
  }, {
    "shape" : "2c812ffc-f676-4ee8-bf60-39a61fa1c6ff",
    "color" : "#007695",
    "position" : {
      "x" : -9.708204,
      "y" : 0.0,
      "z" : -15.708204
    },
    "orientation" : 0
  }, {
    "shape" : "2c812ffc-f676-4ee8-bf60-39a61fa1c6ff",
    "color" : "#007695",
    "position" : {
      "x" : -15.708204,
      "y" : -9.708204,
      "z" : 0.0
    },
    "orientation" : 52
  }, {
    "shape" : "c8b98144-b9be-4e44-96b9-13fa03a3eed8",
    "color" : "#FFFFFF",
    "position" : {
      "x" : -12.708204,
      "y" : 0.0,
      "z" : -20.562305
    }
  }, {
    "shape" : "c8b98144-b9be-4e44-96b9-13fa03a3eed8",
    "color" : "#FFFFFF",
    "position" : {
      "x" : -15.708204,
      "y" : -9.708204,
      "z" : 0.0
    }
  }, {
    "shape" : "dafacb23-9254-4a17-8362-a998a513cdea",
    "color" : "#007695",
    "position" : {
      "x" : 0.0,
      "y" : 6.854102,
      "z" : 4.236068
    },
    "orientation" : 39
  }, {
    "shape" : "c8b98144-b9be-4e44-96b9-13fa03a3eed8",
    "color" : "#FFFFFF",
    "position" : {
      "x" : 0.0,
      "y" : 6.854102,
      "z" : -4.236068
    }
  }, {
    "shape" : "a67f310f-eb7e-4a04-9117-bf4f2945693a",
    "color" : "#000099",
    "position" : {
      "x" : -16.944271,
      "y" : -8.472136,
      "z" : 0.0
    },
    "orientation" : 30
  }, {
    "shape" : "c8b98144-b9be-4e44-96b9-13fa03a3eed8",
    "color" : "#FFFFFF",
    "position" : {
      "x" : -20.562305,
      "y" : -12.708204,
      "z" : 0.0
    }
  }, {
    "shape" : "c5b7aca4-8d5a-451f-88b7-26ee2a13a8c9",
    "color" : "#008D36",
    "position" : {
      "x" : 16.944271,
      "y" : -8.472136,
      "z" : 0.0
    },
    "orientation" : 36
  }, {
    "shape" : "c5b7aca4-8d5a-451f-88b7-26ee2a13a8c9",
    "color" : "#008D36",
    "position" : {
      "x" : 0.0,
      "y" : -8.472136,
      "z" : -16.944271
    },
    "orientation" : 6
  }, {
    "shape" : "dafacb23-9254-4a17-8362-a998a513cdea",
    "color" : "#007695",
    "position" : {
      "x" : 0.0,
      "y" : 6.854102,
      "z" : -4.236068
    },
    "orientation" : 41
  }, {
    "shape" : "dafacb23-9254-4a17-8362-a998a513cdea",
    "color" : "#007695",
    "position" : {
      "x" : 6.854102,
      "y" : 4.236068,
      "z" : 0.0
    },
    "orientation" : 40
  }, {
    "shape" : "271710fc-16f1-44ff-a2c0-c58409756ade",
    "color" : "#7FBACA",
    "position" : {
      "x" : 0.0,
      "y" : 0.0,
      "z" : 0.0
    }
  }, {
    "shape" : "c5b7aca4-8d5a-451f-88b7-26ee2a13a8c9",
    "color" : "#008D36",
    "position" : {
      "x" : -16.944271,
      "y" : 0.0,
      "z" : -8.472136
    },
    "orientation" : 37
  }, {
    "shape" : "a67f310f-eb7e-4a04-9117-bf4f2945693a",
    "color" : "#000099",
    "position" : {
      "x" : 0.0,
      "y" : -16.944271,
      "z" : 8.472136
    },
    "orientation" : 31
  }, {
    "shape" : "c8b98144-b9be-4e44-96b9-13fa03a3eed8",
    "color" : "#FFFFFF",
    "position" : {
      "x" : 0.0,
      "y" : 20.562305,
      "z" : 12.708204
    }
  }, {
    "shape" : "3f74f97a-cd8a-4f6c-8753-c71e8a9e4cf0",
    "color" : "#AF0000",
    "position" : {
      "x" : 0.0,
      "y" : 0.0,
      "z" : 0.0
    },
    "orientation" : 47
  }, {
    "shape" : "a67f310f-eb7e-4a04-9117-bf4f2945693a",
    "color" : "#000099",
    "position" : {
      "x" : 16.944271,
      "y" : -8.472136,
      "z" : 0.0
    },
    "orientation" : 15
  }, {
    "shape" : "3f74f97a-cd8a-4f6c-8753-c71e8a9e4cf0",
    "color" : "#AF0000",
    "position" : {
      "x" : 0.0,
      "y" : 0.0,
      "z" : 0.0
    },
    "orientation" : 0
  }, {
    "shape" : "2c812ffc-f676-4ee8-bf60-39a61fa1c6ff",
    "color" : "#007695",
    "position" : {
      "x" : 15.708204,
      "y" : -9.708204,
      "z" : 0.0
    },
    "orientation" : 7
  }, {
    "shape" : "c5b7aca4-8d5a-451f-88b7-26ee2a13a8c9",
    "color" : "#008D36",
    "position" : {
      "x" : 16.944271,
      "y" : 0.0,
      "z" : -8.472136
    },
    "orientation" : 7
  }, {
    "shape" : "2c812ffc-f676-4ee8-bf60-39a61fa1c6ff",
    "color" : "#007695",
    "position" : {
      "x" : -9.708204,
      "y" : 0.0,
      "z" : 15.708204
    },
    "orientation" : 6
  }, {
    "shape" : "c8b98144-b9be-4e44-96b9-13fa03a3eed8",
    "color" : "#FFFFFF",
    "position" : {
      "x" : -4.236068,
      "y" : 0.0,
      "z" : 6.854102
    }
  }, {
    "shape" : "c8b98144-b9be-4e44-96b9-13fa03a3eed8",
    "color" : "#FFFFFF",
    "position" : {
      "x" : 6.854102,
      "y" : 4.236068,
      "z" : 0.0
    }
  }, {
    "shape" : "c8b98144-b9be-4e44-96b9-13fa03a3eed8",
    "color" : "#FFFFFF",
    "position" : {
      "x" : 0.0,
      "y" : -20.562305,
      "z" : 12.708204
    }
  }, {
    "shape" : "dafacb23-9254-4a17-8362-a998a513cdea",
    "color" : "#007695",
    "position" : {
      "x" : 4.236068,
      "y" : 0.0,
      "z" : 6.854102
    },
    "orientation" : 45
  }, {
    "shape" : "2c812ffc-f676-4ee8-bf60-39a61fa1c6ff",
    "color" : "#007695",
    "position" : {
      "x" : 0.0,
      "y" : 15.708204,
      "z" : 9.708204
    },
    "orientation" : 26
  }, {
    "shape" : "2c812ffc-f676-4ee8-bf60-39a61fa1c6ff",
    "color" : "#007695",
    "position" : {
      "x" : 15.708204,
      "y" : -9.708204,
      "z" : 0.0
    },
    "orientation" : 53
  }, {
    "shape" : "c8b98144-b9be-4e44-96b9-13fa03a3eed8",
    "color" : "#FFFFFF",
    "position" : {
      "x" : 20.562305,
      "y" : -12.708204,
      "z" : 0.0
    }
  }, {
    "shape" : "2c812ffc-f676-4ee8-bf60-39a61fa1c6ff",
    "color" : "#007695",
    "position" : {
      "x" : 0.0,
      "y" : 15.708204,
      "z" : 9.708204
    },
    "orientation" : 53
  }, {
    "shape" : "2c812ffc-f676-4ee8-bf60-39a61fa1c6ff",
    "color" : "#007695",
    "position" : {
      "x" : 0.0,
      "y" : -15.708204,
      "z" : -9.708204
    },
    "orientation" : 6
  }, {
    "shape" : "c8b98144-b9be-4e44-96b9-13fa03a3eed8",
    "color" : "#FFFFFF",
    "position" : {
      "x" : -9.708204,
      "y" : 0.0,
      "z" : -15.708204
    }
  }, {
    "shape" : "2c812ffc-f676-4ee8-bf60-39a61fa1c6ff",
    "color" : "#007695",
    "position" : {
      "x" : 0.0,
      "y" : -15.708204,
      "z" : 9.708204
    },
    "orientation" : 9
  }, {
    "shape" : "c8b98144-b9be-4e44-96b9-13fa03a3eed8",
    "color" : "#FFFFFF",
    "position" : {
      "x" : 0.0,
      "y" : 0.0,
      "z" : 0.0
    }
  }, {
    "shape" : "c8b98144-b9be-4e44-96b9-13fa03a3eed8",
    "color" : "#FFFFFF",
    "position" : {
      "x" : 8.472136,
      "y" : 0.0,
      "z" : 16.944271
    }
  }, {
    "shape" : "dafacb23-9254-4a17-8362-a998a513cdea",
    "color" : "#007695",
    "position" : {
      "x" : 4.236068,
      "y" : 0.0,
      "z" : -6.854102
    },
    "orientation" : 37
  }, {
    "shape" : "c8b98144-b9be-4e44-96b9-13fa03a3eed8",
    "color" : "#FFFFFF",
    "position" : {
      "x" : -12.708204,
      "y" : 0.0,
      "z" : 20.562305
    }
  }, {
