{
  "field" : "golden",
  "symmetry" : "icosahedral",
  "orientations" : [ [ 1.0, 0.0, 0.0, 0.0, 0.0, 1.0, 0.0, 0.0, 0.0, 0.0, 1.0, 0.0, 0.0, 0.0, 0.0, 1.0 ], [ 0.0, 0.0, 1.0, 0.0, 1.0, 0.0, 0.0, 0.0, 0.0, 1.0, 0.0, 0.0, 0.0, 0.0, 0.0, 1.0 ], [ 0.0, 1.0, 0.0, 0.0, 0.0, 0.0, 1.0, 0.0, 1.0, 0.0, 0.0, 0.0, 0.0, 0.0, 0.0, 1.0 ], [ 0.809017, 0.309017, 0.5, 0.0, 0.309017, 0.5, -0.809017, 0.0, -0.5, 0.809017, 0.309017, 0.0, 0.0, 0.0, 0.0, 1.0 ], [ -0.5, 0.809017, 0.309017, 0.0, 0.809017, 0.309017, 0.5, 0.0, 0.309017, 0.5, -0.809017, 0.0, 0.0, 0.0, 0.0, 1.0 ], [ 0.309017, 0.5, -0.809017, 0.0, -0.5, 0.809017, 0.309017, 0.0, 0.809017, 0.309017, 0.5, 0.0, 0.0, 0.0, 0.0, 1.0 ], [ 0.5, 0.809017, 0.309017, 0.0, 0.809017, -0.309017, -0.5, 0.0, -0.309017, 0.5, -0.809017, 0.0, 0.0, 0.0, 0.0, 1.0 ], [ -0.309017, 0.5, -0.809017, 0.0, 0.5, 0.809017, 0.309017, 0.0, 0.809017, -0.309017, -0.5, 0.0, 0.0, 0.0, 0.0, 1.0 ], [ 0.809017, -0.309017, -0.5, 0.0, -0.309017, 0.5, -0.809017, 0.0, 0.5, 0.809017, 0.309017, 0.0, 0.0, 0.0, 0.0, 1.0 ], [ 0.5, 0.809017, -0.309017, 0.0, 0.809017, -0.309017, 0.5, 0.0, 0.309017, -0.5, -0.809017, 0.0, 0.0, 0.0, 0.0, 1.0 ], [ 0.309017, -0.5, -0.809017, 0.0, 0.5, 0.809017, -0.309017, 0.0, 0.809017, -0.309017, 0.5, 0.0, 0.0, 0.0, 0.0, 1.0 ], [ 0.809017, -0.309017, 0.5, 0.0, 0.309017, -0.5, -0.809017, 0.0, 0.5, 0.809017, -0.309017, 0.0, 0.0, 0.0, 0.0, 1.0 ], [ 0.809017, 0.309017, -0.5, 0.0, 0.309017, 0.5, 0.809017, 0.0, 0.5, -0.809017, 0.309017, 0.0, 0.0, 0.0, 0.0, 1.0 ], [ 0.5, -0.809017, 0.309017, 0.0, 0.809017, 0.309017, -0.5, 0.0, 0.309017, 0.5, 0.809017, 0.0, 0.0, 0.0, 0.0, 1.0 ], [ 0.309017, 0.5, 0.809017, 0.0, 0.5, -0.809017, 0.309017, 0.0, 0.809017, 0.309017, -0.5, 0.0, 0.0, 0.0, 0.0, 1.0 ], [ 1.0, 0.0, 0.0, 0.0, 0.0, -1.0, 0.0, 0.0, 0.0, 0.0, -1.0, 0.0, 0.0, 0.0, 0.0, 1.0 ], [ 0.0, 0.0, 1.0, 0.0, -1.0, 0.0, 0.0, 0.0, 0.0, -1.0, 0.0, 0.0, 0.0, 0.0, 0.0, 1.0 ], [ 0.0, 1.0, 0.0, 0.0, 0.0, 0.0, -1.0, 0.0, -1.0, 0.0, 0.0, 0.0, 0.0, 0.0, 0.0, 1.0 ], [ 0.809017, 0.309017, 0.5, 0.0, -0.309017, -0.5, 0.809017, 0.0, 0.5, -0.809017, -0.309017, 0.0, 0.0, 0.0, 0.0, 1.0 ], [ -0.5, 0.809017, 0.309017, 0.0, -0.809017, -0.309017, -0.5, 0.0, -0.309017, -0.5, 0.809017, 0.0, 0.0, 0.0, 0.0, 1.0 ], [ 0.309017, 0.5, -0.809017, 0.0, 0.5, -0.809017, -0.309017, 0.0, -0.809017, -0.309017, -0.5, 0.0, 0.0, 0.0, 0.0, 1.0 ], [ 0.5, 0.809017, 0.309017, 0.0, -0.809017, 0.309017, 0.5, 0.0, 0.309017, -0.5, 0.809017, 0.0, 0.0, 0.0, 0.0, 1.0 ], [ -0.309017, 0.5, -0.809017, 0.0, -0.5, -0.809017, -0.309017, 0.0, -0.809017, 0.309017, 0.5, 0.0, 0.0, 0.0, 0.0, 1.0 ], [ 0.809017, -0.309017, -0.5, 0.0, 0.309017, -0.5, 0.809017, 0.0, -0.5, -0.809017, -0.309017, 0.0, 0.0, 0.0, 0.0, 1.0 ], [ 0.5, 0.809017, -0.309017, 0.0, -0.809017, 0.309017, -0.5, 0.0, -0.309017, 0.5, 0.809017, 0.0, 0.0, 0.0, 0.0, 1.0 ], [ 0.309017, -0.5, -0.809017, 0.0, -0.5, -0.809017, 0.309017, 0.0, -0.809017, 0.309017, -0.5, 0.0, 0.0, 0.0, 0.0, 1.0 ], [ 0.809017, -0.309017, 0.5, 0.0, -0.309017, 0.5, 0.809017, 0.0, -0.5, -0.809017, 0.309017, 0.0, 0.0, 0.0, 0.0, 1.0 ], [ 0.809017, 0.309017, -0.5, 0.0, -0.309017, -0.5, -0.809017, 0.0, -0.5, 0.809017, -0.309017, 0.0, 0.0, 0.0, 0.0, 1.0 ], [ 0.5, -0.809017, 0.309017, 0.0, -0.809017, -0.309017, 0.5, 0.0, -0.309017, -0.5, -0.809017, 0.0, 0.0, 0.0, 0.0, 1.0 ], [ 0.309017, 0.5, 0.809017, 0.0, -0.5, 0.809017, -0.309017, 0.0, -0.809017, -0.309017, 0.5, 0.0, 0.0, 0.0, 0.0, 1.0 ], [ -1.0, 0.0, 0.0, 0.0, 0.0, -1.0, 0.0, 0.0, 0.0, 0.0, 1.0, 0.0, 0.0, 0.0, 0.0, 1.0 ], [ 0.0, 0.0, -1.0, 0.0, -1.0, 0.0, 0.0, 0.0, 0.0, 1.0, 0.0, 0.0, 0.0, 0.0, 0.0, 1.0 ], [ 0.0, -1.0, 0.0, 0.0, 0.0, 0.0, -1.0, 0.0, 1.0, 0.0, 0.0, 0.0, 0.0, 0.0, 0.0, 1.0 ], [ -0.809017, -0.309017, -0.5, 0.0, -0.309017, -0.5, 0.809017, 0.0, -0.5, 0.809017, 0.309017, 0.0, 0.0, 0.0, 0.0, 1.0 ], [ 0.5, -0.809017, -0.309017, 0.0, -0.809017, -0.309017, -0.5, 0.0, 0.309017, 0.5, -0.809017, 0.0, 0.0, 0.0, 0.0, 1.0 ], [ -0.309017, -0.5, 0.809017, 0.0, 0.5, -0.809017, -0.309017, 0.0, 0.809017, 0.309017, 0.5, 0.0, 0.0, 0.0, 0.0, 1.0 ], [ -0.5, -0.809017, -0.309017, 0.0, -0.809017, 0.309017, 0.5, 0.0, -0.309017, 0.5, -0.809017, 0.0, 0.0, 0.0, 0.0, 1.0 ], [ 0.309017, -0.5, 0.809017, 0.0, -0.5, -0.809017, -0.309017, 0.0, 0.809017, -0.309017, -0.5, 0.0, 0.0, 0.0, 0.0, 1.0 ], [ -0.809017, 0.309017, 0.5, 0.0, 0.309017, -0.5, 0.809017, 0.0, 0.5, 0.809017, 0.309017, 0.0, 0.0, 0.0, 0.0, 1.0 ], [ -0.5, -0.809017, 0.309017, 0.0, -0.809017, 0.309017, -0.5, 0.0, 0.309017, -0.5, -0.809017, 0.0, 0.0, 0.0, 0.0, 1.0 ], [ -0.309017, 0.5, 0.809017, 0.0, -0.5, -0.809017, 0.309017, 0.0, 0.809017, -0.309017, 0.5, 0.0, 0.0, 0.0, 0.0, 1.0 ], [ -0.809017, 0.309017, -0.5, 0.0, -0.309017, 0.5, 0.809017, 0.0, 0.5, 0.809017, -0.309017, 0.0, 0.0, 0.0, 0.0, 1.0 ], [ -0.809017, -0.309017, 0.5, 0.0, -0.309017, -0.5, -0.809017, 0.0, 0.5, -0.809017, 0.309017, 0.0, 0.0, 0.0, 0.0, 1.0 ], [ -0.5, 0.809017, -0.309017, 0.0, -0.809017, -0.309017, 0.5, 0.0, 0.309017, 0.5, 0.809017, 0.0, 0.0, 0.0, 0.0, 1.0 ], [ -0.309017, -0.5, -0.809017, 0.0, -0.5, 0.809017, -0.309017, 0.0, 0.809017, 0.309017, -0.5, 0.0, 0.0, 0.0, 0.0, 1.0 ], [ -1.0, 0.0, 0.0, 0.0, 0.0, 1.0, 0.0, 0.0, 0.0, 0.0, -1.0, 0.0, 0.0, 0.0, 0.0, 1.0 ], [ 0.0, 0.0, -1.0, 0.0, 1.0, 0.0, 0.0, 0.0, 0.0, -1.0, 0.0, 0.0, 0.0, 0.0, 0.0, 1.0 ], [ 0.0, -1.0, 0.0, 0.0, 0.0, 0.0, 1.0, 0.0, -1.0, 0.0, 0.0, 0.0, 0.0, 0.0, 0.0, 1.0 ], [ -0.809017, -0.309017, -0.5, 0.0, 0.309017, 0.5, -0.809017, 0.0, 0.5, -0.809017, -0.309017, 0.0, 0.0, 0.0, 0.0, 1.0 ], [ 0.5, -0.809017, -0.309017, 0.0, 0.809017, 0.309017, 0.5, 0.0, -0.309017, -0.5, 0.809017, 0.0, 0.0, 0.0, 0.0, 1.0 ], [ -0.309017, -0.5, 0.809017, 0.0, -0.5, 0.809017, 0.309017, 0.0, -0.809017, -0.309017, -0.5, 0.0, 0.0, 0.0, 0.0, 1.0 ], [ -0.5, -0.809017, -0.309017, 0.0, 0.809017, -0.309017, -0.5, 0.0, 0.309017, -0.5, 0.809017, 0.0, 0.0, 0.0, 0.0, 1.0 ], [ 0.309017, -0.5, 0.809017, 0.0, 0.5, 0.809017, 0.309017, 0.0, -0.809017, 0.309017, 0.5, 0.0, 0.0, 0.0, 0.0, 1.0 ], [ -0.809017, 0.309017, 0.5, 0.0, -0.309017, 0.5, -0.809017, 0.0, -0.5, -0.809017, -0.309017, 0.0, 0.0, 0.0, 0.0, 1.0 ], [ -0.5, -0.809017, 0.309017, 0.0, 0.809017, -0.309017, 0.5, 0.0, -0.309017, 0.5, 0.809017, 0.0, 0.0, 0.0, 0.0, 1.0 ], [ -0.309017, 0.5, 0.809017, 0.0, 0.5, 0.809017, -0.309017, 0.0, -0.809017, 0.309017, -0.5, 0.0, 0.0, 0.0, 0.0, 1.0 ], [ -0.809017, 0.309017, -0.5, 0.0, 0.309017, -0.5, -0.809017, 0.0, -0.5, -0.809017, 0.309017, 0.0, 0.0, 0.0, 0.0, 1.0 ], [ -0.809017, -0.309017, 0.5, 0.0, 0.309017, 0.5, 0.809017, 0.0, -0.5, 0.809017, -0.309017, 0.0, 0.0, 0.0, 0.0, 1.0 ], [ -0.5, 0.809017, -0.309017, 0.0, 0.809017, 0.309017, -0.5, 0.0, -0.309017, -0.5, -0.809017, 0.0, 0.0, 0.0, 0.0, 1.0 ], [ -0.309017, -0.5, -0.809017, 0.0, 0.5, -0.809017, 0.309017, 0.0, -0.809017, -0.309017, 0.5, 0.0, 0.0, 0.0, 0.0, 1.0 ] ],
  "lights" : {
    "directionalLights" : [ {
      "direction" : {
        "x" : 1.0,
        "y" : -1.0,
        "z" : -1.0
      },
      "color" : "#EBEBE4"
    }, {
      "direction" : {
        "x" : -1.0,
        "y" : 0.0,
        "z" : 0.0
      },
      "color" : "#E4E4EB"
    }, {
      "direction" : {
        "x" : 0.0,
        "y" : 0.0,
        "z" : -1.0
      },
      "color" : "#1E1E1E"
    } ],
    "ambientColor" : "#292929",
    "backgroundColor" : "#AFC8DC"
  },
  "camera" : {
    "position" : {
      "x" : 90.527534,
      "y" : -88.74437,
      "z" : 178.5278
    },
    "width" : 98.53107,
    "viewDistance" : 218.9579,
    "lookAtPoint" : {
      "x" : 0.0,
      "y" : 0.0,
      "z" : 0.0
    },
    "fieldOfView" : 0.44262892,
    "perspective" : true,
    "nearClipDistance" : 0.54739493,
    "farClipDistance" : 437.9155,
    "lookDirection" : {
      "x" : -0.4134472,
      "y" : 0.40530336,
      "z" : -0.8153522
    },
    "upDirection" : {
      "x" : -0.9101805,
      "y" : -0.20863542,
      "z" : 0.35781935
    },
    "stereo" : false
  },
  "embedding" : [ 1.0, 0.0, 0.0, 0.0, 0.0, 1.0, 0.0, 0.0, 0.0, 0.0, 1.0, 0.0, 0.0, 0.0, 0.0, 1.0 ],
  "shapes" : [ {
    "id" : "f5e79845-ff46-4693-93eb-7943dcdb3798",
    "vertices" : [ {
      "x" : 10.781153,
      "y" : 4.118034,
      "z" : -1.572949
    }, {
      "x" : 10.399187,
      "y" : 3.663119,
      "z" : -1.381966
    }, {
      "x" : 10.236068,
      "y" : 3.927051,
      "z" : -1.809017
    }, {
      "x" : 10.163119,
      "y" : 4.190983,
      "z" : -1.618034
    }, {
      "x" : 0.85410196,
      "y" : 0.309017,
      "z" : 0.19098301
    }, {
      "x" : 0.690983,
      "y" : 0.572949,
      "z" : -0.23606798
    }, {
      "x" : 0.309017,
      "y" : 0.11803399,
      "z" : -0.045084972
    }, {
      "x" : 0.76393205,
      "y" : 0.309017,
      "z" : -0.42705098
    }, {
      "x" : 0.927051,
      "y" : 0.045084972,
      "z" : 0.0
    }, {
      "x" : 10.326238,
      "y" : 3.927051,
      "z" : -1.190983
    }, {
      "x" : 11.09017,
      "y" : 4.236068,
      "z" : -1.618034
    } ],
    "faces" : [ {
      "vertices" : [ 2, 7, 5 ]
    }, {
      "vertices" : [ 2, 5, 3 ]
    }, {
      "vertices" : [ 1, 8, 7 ]
    }, {
      "vertices" : [ 1, 7, 2 ]
    }, {
      "vertices" : [ 4, 6, 8 ]
    }, {
      "vertices" : [ 5, 7, 6 ]
    }, {
      "vertices" : [ 0, 1, 2 ]
    }, {
      "vertices" : [ 0, 2, 3 ]
    }, {
      "vertices" : [ 6, 7, 8 ]
    }, {
      "vertices" : [ 3, 5, 4 ]
    }, {
      "vertices" : [ 3, 4, 9 ]
    }, {
      "vertices" : [ 1, 9, 4 ]
    }, {
      "vertices" : [ 1, 4, 8 ]
    }, {
      "vertices" : [ 0, 9, 1 ]
    }, {
      "vertices" : [ 0, 3, 9 ]
    }, {
      "vertices" : [ 4, 5, 6 ]
    } ]
  }, {
    "id" : "cec20e65-1885-41fa-a11f-9ba98b4ff4c1",
    "vertices" : [ {
      "x" : 1.0,
      "y" : 0.309017,
      "z" : 0.19098301
    }, {
      "x" : 1.0,
      "y" : -0.309017,
      "z" : 0.19098301
    }, {
      "x" : 7.472136,
      "y" : -0.309017,
      "z" : 0.19098301
    }, {
      "x" : 7.472136,
      "y" : 0.309017,
      "z" : 0.19098301
    }, {
      "x" : 7.472136,
      "y" : -0.309017,
      "z" : -0.19098301
    }, {
      "x" : 7.472136,
      "y" : 0.309017,
      "z" : -0.19098301
    }, {
      "x" : 8.09017,
      "y" : 0.0,
      "z" : 0.0
    }, {
      "x" : 0.38196602,
      "y" : 0.0,
      "z" : 0.0
    }, {
      "x" : 1.0,
      "y" : 0.309017,
      "z" : -0.19098301
    }, {
      "x" : 1.0,
      "y" : -0.309017,
      "z" : -0.19098301
    }, {
      "x" : 8.472136,
      "y" : 0.0,
      "z" : 0.0
    } ],
    "faces" : [ {
      "vertices" : [ 1, 9, 4 ]
    }, {
      "vertices" : [ 1, 4, 2 ]
    }, {
      "vertices" : [ 0, 3, 5 ]
    }, {
      "vertices" : [ 0, 5, 8 ]
    }, {
      "vertices" : [ 1, 7, 9 ]
    }, {
      "vertices" : [ 0, 1, 2 ]
    }, {
      "vertices" : [ 0, 2, 3 ]
    }, {
      "vertices" : [ 7, 8, 9 ]
    }, {
      "vertices" : [ 0, 7, 1 ]
    }, {
      "vertices" : [ 4, 9, 8 ]
    }, {
      "vertices" : [ 4, 8, 5 ]
    }, {
      "vertices" : [ 2, 6, 3 ]
    }, {
      "vertices" : [ 2, 4, 6 ]
    }, {
      "vertices" : [ 3, 6, 5 ]
    }, {
      "vertices" : [ 4, 5, 6 ]
    }, {
      "vertices" : [ 0, 8, 7 ]
    } ]
  }, {
    "id" : "b254a53b-83f1-43d1-85cb-918dc8baff85",
    "vertices" : [ {
      "x" : -0.309017,
      "y" : -0.19098301,
      "z" : 0.0
    }, {
      "x" : -0.309017,
      "y" : 0.19098301,
      "z" : 0.0
    }, {
      "x" : -0.19098301,
      "y" : 0.0,
      "z" : -0.309017
    }, {
      "x" : -0.19098301,
      "y" : 0.0,
      "z" : 0.309017
    }, {
      "x" : 0.0,
      "y" : -0.309017,
      "z" : -0.19098301
    }, {
      "x" : 0.0,
      "y" : -0.309017,
      "z" : 0.19098301
    }, {
      "x" : 0.0,
      "y" : 0.309017,
      "z" : -0.19098301
    }, {
      "x" : 0.0,
      "y" : 0.309017,
      "z" : 0.19098301
    }, {
      "x" : 0.19098301,
      "y" : 0.0,
      "z" : -0.309017
    }, {
      "x" : 0.19098301,
      "y" : 0.0,
      "z" : 0.309017
    }, {
      "x" : 0.309017,
      "y" : -0.19098301,
      "z" : 0.0
    }, {
      "x" : 0.309017,
      "y" : 0.19098301,
      "z" : 0.0
    } ],
    "faces" : [ {
      "vertices" : [ 0, 1, 2 ]
    }, {
      "vertices" : [ 0, 3, 1 ]
    }, {
      "vertices" : [ 0, 2, 4 ]
    }, {
      "vertices" : [ 0, 5, 3 ]
    }, {
      "vertices" : [ 0, 4, 5 ]
    }, {
      "vertices" : [ 1, 6, 2 ]
    }, {
      "vertices" : [ 1, 3, 7 ]
    }, {
      "vertices" : [ 1, 7, 6 ]
    }, {
      "vertices" : [ 2, 8, 4 ]
    }, {
      "vertices" : [ 2, 6, 8 ]
    }, {
      "vertices" : [ 3, 5, 9 ]
    }, {
      "vertices" : [ 3, 9, 7 ]
    }, {
      "vertices" : [ 4, 10, 5 ]
    }, {
      "vertices" : [ 4, 8, 10 ]
    }, {
      "vertices" : [ 5, 10, 9 ]
    }, {
      "vertices" : [ 6, 7, 11 ]
    }, {
      "vertices" : [ 6, 11, 8 ]
    }, {
      "vertices" : [ 7, 9, 11 ]
    }, {
      "vertices" : [ 8, 11, 10 ]
    }, {
      "vertices" : [ 9, 10, 11 ]
    } ]
  }, {
    "id" : "fb5bbf45-656a-41d0-85af-8eb282da70d0",
    "vertices" : [ {
      "x" : 1.0,
      "y" : 0.309017,
      "z" : 0.19098301
    }, {
      "x" : 1.0,
      "y" : -0.309017,
      "z" : 0.19098301
    }, {
      "x" : 18.416409,
      "y" : -0.309017,
      "z" : 0.19098301
    }, {
      "x" : 18.416409,
      "y" : 0.309017,
      "z" : 0.19098301
    }, {
      "x" : 18.416409,
      "y" : -0.309017,
      "z" : -0.19098301
    }, {
      "x" : 18.416409,
      "y" : 0.309017,
      "z" : -0.19098301
    }, {
      "x" : 19.034441,
      "y" : 0.0,
      "z" : 0.0
    }, {
      "x" : 0.38196602,
      "y" : 0.0,
      "z" : 0.0
    }, {
      "x" : 1.0,
      "y" : 0.309017,
      "z" : -0.19098301
    }, {
      "x" : 1.0,
      "y" : -0.309017,
      "z" : -0.19098301
    }, {
      "x" : 19.416409,
      "y" : 0.0,
      "z" : 0.0
    } ],
    "faces" : [ {
      "vertices" : [ 1, 9, 4 ]
    }, {
      "vertices" : [ 1, 4, 2 ]
    }, {
      "vertices" : [ 0, 3, 5 ]
    }, {
      "vertices" : [ 0, 5, 8 ]
    }, {
      "vertices" : [ 1, 7, 9 ]
    }, {
      "vertices" : [ 0, 1, 2 ]
    }, {
      "vertices" : [ 0, 2, 3 ]
    }, {
      "vertices" : [ 7, 8, 9 ]
    }, {
      "vertices" : [ 0, 7, 1 ]
    }, {
      "vertices" : [ 4, 9, 8 ]
    }, {
      "vertices" : [ 4, 8, 5 ]
    }, {
      "vertices" : [ 2, 6, 3 ]
    }, {
      "vertices" : [ 2, 4, 6 ]
    }, {
      "vertices" : [ 3, 6, 5 ]
    }, {
      "vertices" : [ 4, 5, 6 ]
    }, {
      "vertices" : [ 0, 8, 7 ]
    } ]
  }, {
    "id" : "3e6a3b6d-236a-4af0-b2fc-e5fc967db0ee",
    "vertices" : [ {
      "x" : 3.291796,
      "y" : 3.854102,
      "z" : 0.0
    }, {
      "x" : 2.572949,
      "y" : 3.236068,
      "z" : 0.309017
    }, {
      "x" : 3.072949,
      "y" : 3.045085,
      "z" : 0.0
    }, {
      "x" : 2.954915,
      "y" : 3.236068,
      "z" : -0.309017
    }, {
      "x" : 2.454915,
      "y" : 3.427051,
      "z" : 0.0
    }, {
      "x" : 0.54508495,
      "y" : 1.190983,
      "z" : 0.0
    }, {
      "x" : 0.66311896,
      "y" : 1.0,
      "z" : 0.309017
    }, {
      "x" : 1.163119,
      "y" : 0.809017,
      "z" : 0.0
    }, {
      "x" : 1.045085,
      "y" : 1.0,
      "z" : -0.309017
    }, {
      "x" : 0.32623792,
      "y" : 0.38196602,
      "z" : 0.0
    }, {
      "x" : 3.618034,
      "y" : 4.236068,
      "z" : 0.0
    } ],
    "faces" : [ {
      "vertices" : [ 1, 4, 5 ]
    }, {
      "vertices" : [ 1, 5, 6 ]
    }, {
      "vertices" : [ 1, 6, 7 ]
    }, {
      "vertices" : [ 1, 7, 2 ]
    }, {
      "vertices" : [ 0, 1, 2 ]
    }, {
      "vertices" : [ 2, 7, 8 ]
    }, {
      "vertices" : [ 2, 8, 3 ]
    }, {
      "vertices" : [ 5, 9, 6 ]
    }, {
      "vertices" : [ 3, 8, 5 ]
    }, {
      "vertices" : [ 3, 5, 4 ]
    }, {
      "vertices" : [ 0, 2, 3 ]
    }, {
      "vertices" : [ 0, 4, 1 ]
    }, {
      "vertices" : [ 6, 9, 7 ]
    }, {
      "vertices" : [ 5, 8, 9 ]
    }, {
      "vertices" : [ 0, 3, 4 ]
    }, {
      "vertices" : [ 7, 9, 8 ]
    } ]
  }, {
    "id" : "008f4204-ffda-4bb7-a4b4-705c11a50300",
    "vertices" : [ {
      "x" : 0.9045085,
      "y" : 0.3454915,
      "z" : 0.25
    }, {
      "x" : 19.84878,
      "y" : 12.053696,
      "z" : 0.25
    }, {
      "x" : 19.657797,
      "y" : 12.362713,
      "z" : 0.25
    }, {
      "x" : 0.7135255,
      "y" : 0.6545085,
      "z" : 0.25
    }, {
      "x" : 0.809017,
      "y" : 0.5,
      "z" : -0.309017
    }, {
      "x" : 0.9635255,
      "y" : 0.25,
      "z" : -0.095491506
    }, {
      "x" : 0.309017,
      "y" : 0.19098301,
      "z" : 0.0
    }, {
      "x" : 20.253288,
      "y" : 12.5172205,
      "z" : 0.0
    }, {
      "x" : 19.59878,
      "y" : 12.458204,
      "z" : -0.095491506
    }, {
      "x" : 19.753288,
      "y" : 12.208204,
      "z" : -0.309017
    }, {
      "x" : 20.562305,
      "y" : 12.708204,
      "z" : 0.0
    }, {
      "x" : 0.6545085,
      "y" : 0.75,
      "z" : -0.095491506
    }, {
      "x" : 19.907797,
      "y" : 11.958204,
      "z" : -0.095491506
    } ],
    "faces" : [ {
      "vertices" : [ 4, 11, 8 ]
    }, {
      "vertices" : [ 4, 8, 9 ]
    }, {
      "vertices" : [ 0, 1, 2 ]
    }, {
      "vertices" : [ 0, 2, 3 ]
    }, {
      "vertices" : [ 0, 3, 6 ]
    }, {
      "vertices" : [ 1, 7, 2 ]
    }, {
      "vertices" : [ 0, 6, 5 ]
    }, {
      "vertices" : [ 4, 5, 6 ]
    }, {
      "vertices" : [ 2, 7, 8 ]
    }, {
      "vertices" : [ 0, 5, 12 ]
    }, {
      "vertices" : [ 0, 12, 1 ]
    }, {
      "vertices" : [ 1, 12, 7 ]
    }, {
      "vertices" : [ 3, 11, 6 ]
    }, {
      "vertices" : [ 4, 6, 11 ]
    }, {
      "vertices" : [ 7, 9, 8 ]
    }, {
      "vertices" : [ 2, 8, 11 ]
    }, {
      "vertices" : [ 2, 11, 3 ]
    }, {
      "vertices" : [ 7, 12, 9 ]
    }, {
      "vertices" : [ 4, 9, 12 ]
    }, {
      "vertices" : [ 4, 12, 5 ]
    } ]
  }, {
    "id" : "fdd44daa-e41e-45cf-aa8b-8cadbb52ae16",
    "vertices" : [ {
      "x" : 0.0,
      "y" : 20.562305,
      "z" : 12.708204
    }, {
      "x" : 0.0,
      "y" : 16.944271,
      "z" : 8.472136
    }, {
      "x" : 0.0,
      "y" : 15.708204,
      "z" : 9.708204
    } ],
    "faces" : [ {
      "vertices" : [ 0, 1, 2 ]
    }, {
      "vertices" : [ 0, 2, 1 ]
    } ]
  }, {
    "id" : "dd5c79e3-818a-4972-8738-723166a36c71",
    "vertices" : [ {
      "x" : -12.708204,
      "y" : 0.0,
      "z" : -20.562305
    }, {
      "x" : -8.472136,
      "y" : 0.0,
      "z" : -16.944271
    }, {
      "x" : -9.708204,
      "y" : 0.0,
      "z" : -15.708204
    } ],
    "faces" : [ {
      "vertices" : [ 0, 1, 2 ]
    }, {
      "vertices" : [ 0, 2, 1 ]
    } ]
  }, {
    "id" : "2ca5d5bf-ffe4-43da-8df9-eabdd9f2e150",
    "vertices" : [ {
      "x" : 20.562305,
      "y" : 12.708204,
      "z" : 0.0
    }, {
      "x" : 16.944271,
      "y" : 8.472136,
      "z" : 0.0
    }, {
      "x" : 15.708204,
      "y" : 9.708204,
      "z" : 0.0
    } ],
    "faces" : [ {
      "vertices" : [ 0, 1, 2 ]
    }, {
      "vertices" : [ 0, 2, 1 ]
    } ]
  }, {
    "id" : "fa9f4493-5040-4cf9-900b-68aecfaaacef",
    "vertices" : [ {
      "x" : -12.708204,
      "y" : 0.0,
      "z" : 20.562305
    }, {
      "x" : -8.472136,
      "y" : 0.0,
      "z" : 16.944271
    }, {
      "x" : -9.708204,
      "y" : 0.0,
      "z" : 15.708204
    } ],
    "faces" : [ {
      "vertices" : [ 0, 1, 2 ]
    }, {
      "vertices" : [ 0, 2, 1 ]
    } ]
  }, {
    "id" : "956d0e1e-182c-4690-ade8-432cf9cf1a85",
    "vertices" : [ {
      "x" : 0.0,
      "y" : 20.562305,
      "z" : -12.708204
    }, {
      "x" : 0.0,
      "y" : 16.944271,
      "z" : -8.472136
    }, {
      "x" : 0.0,
      "y" : 15.708204,
      "z" : -9.708204
    } ],
    "faces" : [ {
      "vertices" : [ 0, 1, 2 ]
    }, {
      "vertices" : [ 0, 2, 1 ]
    } ]
  }, {
    "id" : "ec80b75e-de54-45b7-8926-9230fcfffb7e",
    "vertices" : [ {
      "x" : 0.0,
      "y" : -20.562305,
      "z" : 12.708204
    }, {
      "x" : 0.0,
      "y" : -16.944271,
      "z" : 8.472136
    }, {
      "x" : 0.0,
      "y" : -15.708204,
      "z" : 9.708204
    } ],
    "faces" : [ {
      "vertices" : [ 0, 1, 2 ]
    }, {
      "vertices" : [ 0, 2, 1 ]
    } ]
  }, {
    "id" : "d939d571-d02c-41ed-b24e-cde9f33d3fc8",
    "vertices" : [ {
      "x" : 12.708204,
      "y" : 0.0,
      "z" : 20.562305
    }, {
      "x" : 8.472136,
      "y" : 0.0,
      "z" : 16.944271
    }, {
      "x" : 9.708204,
      "y" : 0.0,
      "z" : 15.708204
    } ],
    "faces" : [ {
      "vertices" : [ 0, 1, 2 ]
    }, {
      "vertices" : [ 0, 2, 1 ]
    } ]
  }, {
    "id" : "b82f0758-e7b8-4cfa-8756-67e52c039636",
    "vertices" : [ {
      "x" : 20.562305,
      "y" : -12.708204,
      "z" : 0.0
    }, {
      "x" : 16.944271,
      "y" : -8.472136,
      "z" : 0.0
    }, {
      "x" : 15.708204,
      "y" : -9.708204,
      "z" : 0.0
    } ],
    "faces" : [ {
      "vertices" : [ 0, 1, 2 ]
    }, {
      "vertices" : [ 0, 2, 1 ]
    } ]
  }, {
    "id" : "2d0a5a8c-27af-4534-a6cd-b6f5590856fe",
    "vertices" : [ {
      "x" : -20.562305,
      "y" : 12.708204,
      "z" : 0.0
    }, {
      "x" : -16.944271,
      "y" : 8.472136,
      "z" : 0.0
    }, {
      "x" : -15.708204,
      "y" : 9.708204,
      "z" : 0.0
    } ],
    "faces" : [ {
      "vertices" : [ 0, 1, 2 ]
    }, {
      "vertices" : [ 0, 2, 1 ]
    } ]
  }, {
    "id" : "2c497517-b211-4c28-843f-ddb052da1a53",
    "vertices" : [ {
      "x" : 12.708204,
      "y" : 0.0,
      "z" : -20.562305
    }, {
      "x" : 8.472136,
      "y" : 0.0,
      "z" : -16.944271
    }, {
      "x" : 9.708204,
      "y" : 0.0,
      "z" : -15.708204
    } ],
    "faces" : [ {
      "vertices" : [ 0, 1, 2 ]
    }, {
      "vertices" : [ 0, 2, 1 ]
    } ]
  }, {
    "id" : "563121ca-1c5f-4466-b659-1a8df73b77a7",
    "vertices" : [ {
      "x" : 0.0,
      "y" : -20.562305,
      "z" : -12.708204
    }, {
      "x" : 0.0,
      "y" : -16.944271,
      "z" : -8.472136
    }, {
      "x" : 0.0,
      "y" : -15.708204,
      "z" : -9.708204
    } ],
    "faces" : [ {
      "vertices" : [ 0, 1, 2 ]
    }, {
      "vertices" : [ 0, 2, 1 ]
    } ]
  }, {
    "id" : "3881b134-2ccf-4bea-8c98-860bd4f014ac",
    "vertices" : [ {
      "x" : -20.562305,
      "y" : -12.708204,
      "z" : 0.0
    }, {
      "x" : -16.944271,
      "y" : -8.472136,
      "z" : 0.0
    }, {
      "x" : -15.708204,
      "y" : -9.708204,
      "z" : 0.0
    } ],
    "faces" : [ {
      "vertices" : [ 0, 1, 2 ]
    }, {
      "vertices" : [ 0, 2, 1 ]
    } ]
  } ],
  "instances" : [ {
    "shape" : "f5e79845-ff46-4693-93eb-7943dcdb3798",
    "color" : "#008D36",
    "position" : {
      "x" : 8.472136,
      "y" : -16.944271,
      "z" : 0.0
    },
    "orientation" : 38
  }, {
    "shape" : "cec20e65-1885-41fa-a11f-9ba98b4ff4c1",
    "color" : "#007695",
    "position" : {
      "x" : 4.236068,
      "y" : 0.0,
      "z" : 6.854102
    },
    "orientation" : 45
  }, {
    "shape" : "b254a53b-83f1-43d1-85cb-918dc8baff85",
    "color" : "#FFFFFF",
    "position" : {
      "x" : 9.708204,
      "y" : 0.0,
      "z" : 15.708204
    }
  }, {
    "shape" : "b254a53b-83f1-43d1-85cb-918dc8baff85",
    "color" : "#FFFFFF",
    "position" : {
      "x" : 12.708204,
      "y" : 0.0,
      "z" : -20.562305
    }
  }, {
    "shape" : "fb5bbf45-656a-41d0-85af-8eb282da70d0",
    "color" : "#007695",
    "position" : {
      "x" : 9.708204,
      "y" : 0.0,
      "z" : -15.708204
    },
    "orientation" : 51
  }, {
    "shape" : "3e6a3b6d-236a-4af0-b2fc-e5fc967db0ee",
    "color" : "#000099",
    "position" : {
      "x" : -8.472136,
      "y" : 0.0,
      "z" : 16.944271
    },
    "orientation" : 32
  }, {
    "shape" : "f5e79845-ff46-4693-93eb-7943dcdb3798",
    "color" : "#008D36",
    "position" : {
      "x" : 0.0,
      "y" : 16.944271,
      "z" : 8.472136
    },
    "orientation" : 37
  }, {
    "shape" : "b254a53b-83f1-43d1-85cb-918dc8baff85",
    "color" : "#FFFFFF",
    "position" : {
      "x" : 0.0,
      "y" : 20.562305,
      "z" : 12.708204
    }
  }, {
    "shape" : "f5e79845-ff46-4693-93eb-7943dcdb3798",
    "color" : "#008D36",
    "position" : {
      "x" : 16.944271,
      "y" : -8.472136,
      "z" : 0.0
    },
    "orientation" : 36
  }, {
    "shape" : "f5e79845-ff46-4693-93eb-7943dcdb3798",
    "color" : "#008D36",
    "position" : {
      "x" : 0.0,
      "y" : -16.944271,
      "z" : -8.472136
    },
    "orientation" : 38
  }, {
    "shape" : "008f4204-ffda-4bb7-a4b4-705c11a50300",
    "color" : "#AF0000",
    "position" : {
      "x" : 0.0,
      "y" : 0.0,
      "z" : 0.0
    },
    "orientation" : 16
  }, {
    "shape" : "f5e79845-ff46-4693-93eb-7943dcdb3798",
    "color" : "#008D36",
    "position" : {
      "x" : 16.944271,
      "y" : 0.0,
      "z" : -8.472136
    },
    "orientation" : 37
  }, {
    "shape" : "b254a53b-83f1-43d1-85cb-918dc8baff85",
    "color" : "#FFFFFF",
    "position" : {
      "x" : 0.0,
      "y" : 6.854102,
      "z" : -4.236068
    }
  }, {
    "shape" : "fb5bbf45-656a-41d0-85af-8eb282da70d0",
    "color" : "#007695",
    "position" : {
      "x" : -9.708204,
      "y" : 0.0,
      "z" : 15.708204
    },
    "orientation" : 55
  }, {
    "shape" : "cec20e65-1885-41fa-a11f-9ba98b4ff4c1",
    "color" : "#007695",
    "position" : {
      "x" : 0.0,
      "y" : 6.854102,
      "z" : 4.236068
    },
    "orientation" : 53
  }, {
    "shape" : "b254a53b-83f1-43d1-85cb-918dc8baff85",
    "color" : "#FFFFFF",
    "position" : {
      "x" : -8.472136,
      "y" : -16.944271,
      "z" : 0.0
    }
  }, {
    "shape" : "fdd44daa-e41e-45cf-aa8b-8cadbb52ae16",
    "color" : "#7FBACA",
    "position" : {
      "x" : 0.0,
      "y" : 0.0,
      "z" : 0.0
    }
  }, {
    "shape" : "dd5c79e3-818a-4972-8738-723166a36c71",
    "color" : "#7FBACA",
    "position" : {
      "x" : 0.0,
      "y" : 0.0,
      "z" : 0.0
    }
  }, {
    "shape" : "b254a53b-83f1-43d1-85cb-918dc8baff85",
    "color" : "#FFFFFF",
    "position" : {
      "x" : 8.472136,
      "y" : 0.0,
      "z" : 16.944271
    }
  }, {
    "shape" : "f5e79845-ff46-4693-93eb-7943dcdb3798",
    "color" : "#008D36",
    "position" : {
      "x" : 0.0,
      "y" : -16.944271,
      "z" : 8.472136
    },
    "orientation" : 7
  }, {
    "shape" : "3e6a3b6d-236a-4af0-b2fc-e5fc967db0ee",
    "color" : "#000099",
    "position" : {
      "x" : -8.472136,
      "y" : 0.0,
      "z" : -16.944271
    },
    "orientation" : 47
  }, {
    "shape" : "b254a53b-83f1-43d1-85cb-918dc8baff85",
    "color" : "#FFFFFF",
    "position" : {
      "x" : 0.0,
      "y" : 15.708204,
      "z" : 9.708204
    }
  }, {
    "shape" : "b254a53b-83f1-43d1-85cb-918dc8baff85",
    "color" : "#FFFFFF",
    "position" : {
      "x" : 16.944271,
      "y" : -8.472136,
      "z" : 0.0
    }
  }, {
    "shape" : "b254a53b-83f1-43d1-85cb-918dc8baff85",
    "color" : "#FFFFFF",
    "position" : {
      "x" : 0.0,
      "y" : 16.944271,
      "z" : 8.472136
    }
  }, {
    "shape" : "008f4204-ffda-4bb7-a4b4-705c11a50300",
    "color" : "#AF0000",
    "position" : {
      "x" : 0.0,
      "y" : 0.0,
      "z" : 0.0
    },
    "orientation" : 2
  }, {
    "shape" : "b254a53b-83f1-43d1-85cb-918dc8baff85",
    "color" : "#FFFFFF",
    "position" : {
      "x" : 4.236068,
      "y" : 0.0,
      "z" : -6.854102
    }
  }, {
    "shape" : "f5e79845-ff46-4693-93eb-7943dcdb3798",
    "color" : "#008D36",
    "position" : {
      "x" : 0.0,
      "y" : 16.944271,
      "z" : -8.472136
    },
    "orientation" : 8
  }, {
    "shape" : "fb5bbf45-656a-41d0-85af-8eb282da70d0",
    "color" : "#007695",
    "position" : {
      "x" : -15.708204,
      "y" : -9.708204,
      "z" : 0.0
    },
    "orientation" : 10
  }, {
    "shape" : "cec20e65-1885-41fa-a11f-9ba98b4ff4c1",
    "color" : "#007695",
    "position" : {
      "x" : 6.854102,
      "y" : 4.236068,
      "z" : 0.0
    },
    "orientation" : 38
  }, {
    "shape" : "b254a53b-83f1-43d1-85cb-918dc8baff85",
    "color" : "#FFFFFF",
    "position" : {
      "x" : 0.0,
      "y" : -15.708204,
      "z" : 9.708204
    }
  }, {
    "shape" : "2ca5d5bf-ffe4-43da-8df9-eabdd9f2e150",
    "color" : "#7FBACA",
    "position" : {
      "x" : 0.0,
      "y" : 0.0,
      "z" : 0.0
    }
  }, {
    "shape" : "cec20e65-1885-41fa-a11f-9ba98b4ff4c1",
    "color" : "#007695",
    "position" : {
      "x" : -6.854102,
      "y" : 4.236068,
      "z" : 0.0
    },
    "orientation" : 25
  }, {
    "shape" : "b254a53b-83f1-43d1-85cb-918dc8baff85",
    "color" : "#FFFFFF",
    "position" : {
      "x" : 0.0,
      "y" : -20.562305,
      "z" : 12.708204
    }
  }, {
    "shape" : "b254a53b-83f1-43d1-85cb-918dc8baff85",
    "color" : "#FFFFFF",
    "position" : {
      "x" : 16.944271,
      "y" : 0.0,
      "z" : 8.472136
    }
  }, {
    "shape" : "fa9f4493-5040-4cf9-900b-68aecfaaacef",
    "color" : "#7FBACA",
    "position" : {
      "x" : 0.0,
      "y" : 0.0,
      "z" : 0.0
    }
  }, {
    "shape" : "fb5bbf45-656a-41d0-85af-8eb282da70d0",
    "color" : "#007695",
    "position" : {
      "x" : -9.708204,
      "y" : 0.0,
      "z" : -15.708204
    },
    "orientation" : 9
  }, {
    "shape" : "b254a53b-83f1-43d1-85cb-918dc8baff85",
    "color" : "#FFFFFF",
    "position" : {
      "x" : 8.472136,
      "y" : 16.944271,
      "z" : 0.0
    }
  }, {
    "shape" : "fb5bbf45-656a-41d0-85af-8eb282da70d0",
    "color" : "#007695",
    "position" : {
      "x" : 15.708204,
      "y" : -9.708204,
      "z" : 0.0
    },
    "orientation" : 53
  }, {
    "shape" : "fb5bbf45-656a-41d0-85af-8eb282da70d0",
    "color" : "#007695",
    "position" : {
      "x" : -15.708204,
      "y" : -9.708204,
      "z" : 0.0
    },
    "orientation" : 26
  }, {
    "shape" : "fb5bbf45-656a-41d0-85af-8eb282da70d0",
    "color" : "#007695",
    "position" : {
      "x" : 9.708204,
      "y" : 0.0,
      "z" : 15.708204
    },
    "orientation" : 54
  }, {
    "shape" : "956d0e1e-182c-4690-ade8-432cf9cf1a85",
    "color" : "#7FBACA",
    "position" : {
      "x" : 0.0,
      "y" : 0.0,
      "z" : 0.0
    }
  }, {
    "shape" : "3e6a3b6d-236a-4af0-b2fc-e5fc967db0ee",
    "color" : "#000099",
    "position" : {
      "x" : 8.472136,
      "y" : 0.0,
      "z" : -16.944271
    },
    "orientation" : 17
  }, {
    "shape" : "cec20e65-1885-41fa-a11f-9ba98b4ff4c1",
    "color" : "#007695",
    "position" : {
      "x" : -4.236068,
      "y" : 0.0,
      "z" : 6.854102
    },
    "orientation" : 24
  }, {
    "shape" : "ec80b75e-de54-45b7-8926-9230fcfffb7e",
    "color" : "#7FBACA",
    "position" : {
      "x" : 0.0,
      "y" : 0.0,
      "z" : 0.0
    }
  }, {
    "shape" : "b254a53b-83f1-43d1-85cb-918dc8baff85",
    "color" : "#FFFFFF",
    "position" : {
      "x" : 12.708204,
      "y" : 0.0,
      "z" : 20.562305
    }
  }, {
    "shape" : "b254a53b-83f1-43d1-85cb-918dc8baff85",
    "color" : "#FFFFFF",
    "position" : {
      "x" : 9.708204,
      "y" : 0.0,
      "z" : -15.708204
    }
  }, {
    "shape" : "f5e79845-ff46-4693-93eb-7943dcdb3798",
    "color" : "#008D36",
    "position" : {
      "x" : -16.944271,
      "y" : 0.0,
      "z" : -8.472136
    },
    "orientation" : 7
  }, {
    "shape" : "3e6a3b6d-236a-4af0-b2fc-e5fc967db0ee",
    "color" : "#000099",
    "position" : {
      "x" : 0.0,
      "y" : -16.944271,
      "z" : -8.472136
    },
    "orientation" : 16
  }, {
    "shape" : "cec20e65-1885-41fa-a11f-9ba98b4ff4c1",
    "color" : "#007695",
    "position" : {
      "x" : -4.236068,
      "y" : 0.0,
      "z" : -6.854102
    },
    "orientation" : 40
  }, {
    "shape" : "f5e79845-ff46-4693-93eb-7943dcdb3798",
    "color" : "#008D36",
    "position" : {
      "x" : 8.472136,
      "y" : 16.944271,
      "z" : 0.0
    },
    "orientation" : 38
  }, {
    "shape" : "b254a53b-83f1-43d1-85cb-918dc8baff85",
    "color" : "#FFFFFF",
    "position" : {
      "x" : -8.472136,
      "y" : 0.0,
      "z" : 16.944271
    }
  }, {
    "shape" : "cec20e65-1885-41fa-a11f-9ba98b4ff4c1",
    "color" : "#007695",
    "position" : {
      "x" : -6.854102,
      "y" : -4.236068,
      "z" : 0.0
    },
    "orientation" : 10
  }, {
    "shape" : "b254a53b-83f1-43d1-85cb-918dc8baff85",
    "color" : "#FFFFFF",
    "position" : {
      "x" : -15.708204,
      "y" : -9.708204,
      "z" : 0.0
    }
  }, {
    "shape" : "b254a53b-83f1-43d1-85cb-918dc8baff85",
    "color" : "#FFFFFF",
    "position" : {
      "x" : 0.0,
      "y" : 8.472136,
      "z" : 16.944271
    }
  }, {
    "shape" : "b254a53b-83f1-43d1-85cb-918dc8baff85",
    "color" : "#FFFFFF",
    "position" : {
      "x" : -15.708204,
      "y" : 9.708204,
      "z" : 0.0
    }
  }, {
    "shape" : "b254a53b-83f1-43d1-85cb-918dc8baff85",
    "color" : "#FFFFFF",
    "position" : {
      "x" : -6.854102,
      "y" : -4.236068,
      "z" : 0.0
    }
  }, {
    "shape" : "b254a53b-83f1-43d1-85cb-918dc8baff85",
    "color" : "#FFFFFF",
    "position" : {
      "x" : 0.0,
      "y" : -6.854102,
      "z" : 4.236068
    }
  }, {
    "shape" : "f5e79845-ff46-4693-93eb-7943dcdb3798",
    "color" : "#008D36",
    "position" : {
      "x" : -16.944271,
      "y" : 8.472136,
      "z" : 0.0
    },
    "orientation" : 6
  }, {
    "shape" : "cec20e65-1885-41fa-a11f-9ba98b4ff4c1",
    "color" : "#007695",
    "position" : {
      "x" : 4.236068,
      "y" : 0.0,
      "z" : 6.854102
    },
    "orientation" : 36
  }, {
    "shape" : "fb5bbf45-656a-41d0-85af-8eb282da70d0",
    "color" : "#007695",
    "position" : {
      "x" : 0.0,
      "y" : 15.708204,
      "z" : 9.708204
    },
    "orientation" : 26
  }, {
    "shape" : "008f4204-ffda-4bb7-a4b4-705c11a50300",
    "color" : "#AF0000",
    "position" : {
      "x" : 0.0,
      "y" : 0.0,
      "z" : 0.0
    },
    "orientation" : 45
  }, {
    "shape" : "3e6a3b6d-236a-4af0-b2fc-e5fc967db0ee",
    "color" : "#000099",
    "position" : {
      "x" : -16.944271,
      "y" : 8.472136,
      "z" : 0.0
    },
    "orientation" : 45
  }, {
    "shape" : "b254a53b-83f1-43d1-85cb-918dc8baff85",
    "color" : "#FFFFFF",
    "position" : {
      "x" : 0.0,
      "y" : -8.472136,
      "z" : -16.944271
    }
  }, {
    "shape" : "cec20e65-1885-41fa-a11f-9ba98b4ff4c1",
    "color" : "#007695",
    "position" : {
      "x" : 0.0,
      "y" : 6.854102,
      "z" : 4.236068
    },
    "orientation" : 21
  }, {
    "shape" : "fb5bbf45-656a-41d0-85af-8eb282da70d0",
    "color" : "#007695",
    "position" : {
      "x" : 15.708204,
      "y" : -9.708204,
      "z" : 0.0
    },
    "orientation" : 55
  }, {
    "shape" : "b254a53b-83f1-43d1-85cb-918dc8baff85",
    "color" : "#FFFFFF",
    "position" : {
      "x" : -16.944271,
      "y" : 0.0,
      "z" : 8.472136
    }
  }, {
    "shape" : "f5e79845-ff46-4693-93eb-7943dcdb3798",
    "color" : "#008D36",
    "position" : {
      "x" : 16.944271,
      "y" : 0.0,
      "z" : -8.472136
    },
    "orientation" : 7
  }, {
    "shape" : "b254a53b-83f1-43d1-85cb-918dc8baff85",
    "color" : "#FFFFFF",
    "position" : {
      "x" : 0.0,
      "y" : -15.708204,
      "z" : -9.708204
    }
  }, {
    "shape" : "b254a53b-83f1-43d1-85cb-918dc8baff85",
    "color" : "#FFFFFF",
    "position" : {
      "x" : 16.944271,
      "y" : 8.472136,
      "z" : 0.0
    }
  }, {
    "shape" : "fb5bbf45-656a-41d0-85af-8eb282da70d0",
    "color" : "#007695",
    "position" : {
      "x" : 0.0,
      "y" : -15.708204,
      "z" : 9.708204
    },
    "orientation" : 47
  }, {
    "shape" : "cec20e65-1885-41fa-a11f-9ba98b4ff4c1",
    "color" : "#007695",
    "position" : {
      "x" : 0.0,
      "y" : 6.854102,
      "z" : -4.236068
    },
    "orientation" : 36
  }, {
    "shape" : "cec20e65-1885-41fa-a11f-9ba98b4ff4c1",
    "color" : "#007695",
    "position" : {
      "x" : 0.0,
      "y" : 6.854102,
      "z" : -4.236068
    },
    "orientation" : 41
  }, {
    "shape" : "3e6a3b6d-236a-4af0-b2fc-e5fc967db0ee",
    "color" : "#000099",
    "position" : {
      "x" : -16.944271,
      "y" : -8.472136,
      "z" : 0.0
    },
    "orientation" : 30
  }, {
    "shape" : "b254a53b-83f1-43d1-85cb-918dc8baff85",
    "color" : "#FFFFFF",
    "position" : {
      "x" : 16.944271,
      "y" : 0.0,
      "z" : -8.472136
    }
  }, {
    "shape" : "b254a53b-83f1-43d1-85cb-918dc8baff85",
    "color" : "#FFFFFF",
    "position" : {
      "x" : -16.944271,
      "y" : 0.0,
      "z" : -8.472136
    }
  }, {
    "shape" : "cec20e65-1885-41fa-a11f-9ba98b4ff4c1",
    "color" : "#007695",
    "position" : {
      "x" : 4.236068,
      "y" : 0.0,
      "z" : -6.854102
    },
    "orientation" : 37
  }, {
    "shape" : "fb5bbf45-656a-41d0-85af-8eb282da70d0",
    "color" : "#007695",
    "position" : {
      "x" : 0.0,
      "y" : -15.708204,
      "z" : 9.708204
    },
    "orientation" : 56
  }, {
    "shape" : "cec20e65-1885-41fa-a11f-9ba98b4ff4c1",
    "color" : "#007695",
    "position" : {
      "x" : -6.854102,
      "y" : 4.236068,
      "z" : 0.0
    },
    "orientation" : 37
  }, {
    "shape" : "b254a53b-83f1-43d1-85cb-918dc8baff85",
    "color" : "#FFFFFF",
    "position" : {
      "x" : 15.708204,
      "y" : 9.708204,
      "z" : 0.0
    }
  }, {
    "shape" : "008f4204-ffda-4bb7-a4b4-705c11a50300",
    "color" : "#AF0000",
    "position" : {
      "x" : 0.0,
      "y" : 0.0,
      "z" : 0.0
    },
    "orientation" : 1
  }, {
    "shape" : "fb5bbf45-656a-41d0-85af-8eb282da70d0",
    "color" : "#007695",
    "position" : {
      "x" : -9.708204,
      "y" : 0.0,
      "z" : -15.708204
    },
    "orientation" : 7
  }, {
    "shape" : "008f4204-ffda-4bb7-a4b4-705c11a50300",
    "color" : "#AF0000",
    "position" : {
      "x" : 0.0,
      "y" : 0.0,
      "z" : 0.0
    },
    "orientation" : 30
  }, {
    "shape" : "cec20e65-1885-41fa-a11f-9ba98b4ff4c1",
    "color" : "#007695",
    "position" : {
      "x" : 6.854102,
      "y" : 4.236068,
      "z" : 0.0
    },
    "orientation" : 22
  }, {
    "shape" : "cec20e65-1885-41fa-a11f-9ba98b4ff4c1",
    "color" : "#007695",
    "position" : {
      "x" : 4.236068,
      "y" : 0.0,
      "z" : 6.854102
    },
    "orientation" : 25
  }, {
    "shape" : "b254a53b-83f1-43d1-85cb-918dc8baff85",
    "color" : "#FFFFFF",
    "position" : {
      "x" : -8.472136,
      "y" : 0.0,
      "z" : -16.944271
    }
  }, {
    "shape" : "b254a53b-83f1-43d1-85cb-918dc8baff85",
    "color" : "#FFFFFF",
    "position" : {
      "x" : -12.708204,
      "y" : 0.0,
      "z" : -20.562305
    }
  }, {
    "shape" : "cec20e65-1885-41fa-a11f-9ba98b4ff4c1",
